security_id,ticker,event_date,action_type,amount,knowledge_at_utc,source_revision
yahoo-ticker:SPY,SPY,1993-03-19,cash_distribution,0.213,2026-10-10T01:42:59.974995+00:00,yfinance-1.5.2:2026-10-10T01:42:59.974995+00:00
yahoo-ticker:SPY,SPY,1993-06-18,cash_distribution,0.318,2026-10-10T01:42:59.974995+00:00,yfinance-1.5.2:2026-10-10T01:42:59.974995+00:00
yahoo-ticker:SPY,SPY,1993-09-17,cash_distribution,0.286,2026-10-10T01:42:59.974995+00:00,yfinance-1.5.2:2026-10-10T01:42:59.974995+00:00
yahoo-ticker:SPY,SPY,1993-12-17,cash_distribution,0.317,2026-10-10T01:42:59.974995+00:00,yfinance-1.5.2:2026-10-10T01:42:59.974995+00:00
yahoo-ticker:SPY,SPY,1994-03-18,cash_distribution,0.271,2026-10-10T01:42:59.974995+00:00,yfinance-1.5.2:2026-10-10T01:42:59.974995+00:00
yahoo-ticker:SPY,SPY,1994-06-17,cash_distribution,0.305,2026-10-10T01:42:59.974995+00:00,yfinance-1.5.2:2026-10-10T01:42:59.974995+00:00
yahoo-ticker:SPY,SPY,1994-09-16,cash_distribution,0.288,2026-10-10T01:42:59.974995+00:00,yfinance-1.5.2:2026-10-10T01:42:59.974995+00:00
yahoo-ticker:SPY,SPY,1994-12-16,cash_distribution,0.363,2026-10-10T01:42:59.974995+00:00,yfinance-1.5.2:2026-10-10T01:42:59.974995+00:00
yahoo-ticker:SPY,SPY,1995-03-17,cash_distribution,0.268,2026-10-10T01:42:59.974995+00:00,yfinance-1.5.2:2026-10-10T01:42:59.974995+00:00
yahoo-ticker:SPY,SPY,1995-06-16,cash_distribution,0.316,2026-10-10T01:42:59.974995+00:00,yfinance-1.5.2:2026-10-10T01:42:59.974995+00:00
yahoo-ticker:SPY,SPY,1995-09-15,cash_distribution,0.312,2026-10-10T01:42:59.974995+00:00,yfinance-1.5.2:2026-10-10T01:42:59.974995+00:00
yahoo-ticker:SPY,SPY,1995-12-15,cash_distribution,0.382,2026-10-10T01:42:59.974995+00:00,yfinance-1.5.2:2026-10-10T01:42:59.974995+00:00
yahoo-ticker:SPY,SPY,1996-03-15,cash_distribution,0.285,2026-10-10T01:42:59.974995+00:00,yfinance-1.5.2:2026-10-10T01:42:59.974995+00:00
yahoo-ticker:SPY,SPY,1996-06-21,cash_distribution,0.351,2026-10-10T01:42:59.974995+00:00,yfinance-1.5.2:2026-10-10T01:42:59.974995+00:00
yahoo-ticker:SPY,SPY,1996-09-20,cash_distribution,0.352,2026-10-10T01:42:59.974995+00:00,yfinance-1.5.2:2026-10-10T01:42:59.974995+00:00
yahoo-ticker:SPY,SPY,1996-12-20,cash_distribution,0.367,2026-10-10T01:42:59.974995+00:00,yfinance-1.5.2:2026-10-10T01:42:59.974995+00:00
yahoo-ticker:SPY,SPY,1997-03-21,cash_distribution,0.299,2026-10-10T01:42:59.974995+00:00,yfinance-1.5.2:2026-10-10T01:42:59.974995+00:00
yahoo-ticker:SPY,SPY,1997-06-20,cash_distribution,0.35,2026-10-10T01:42:59.974995+00:00,yfinance-1.5.2:2026-10-10T01:42:59.974995+00:00
yahoo-ticker:EWJ,EWJ,1997-08-25,cash_distribution,0.02,2026-10-10T01:42:55.842554+00:00,yfinance-1.5.2:2026-10-10T01:42:55.842554+00:00
yahoo-ticker:SPY,SPY,1997-09-19,cash_distribution,0.348,2026-10-10T01:42:59.974995+00:00,yfinance-1.5.2:2026-10-10T01:42:59.974995+00:00
yahoo-ticker:SPY,SPY,1997-12-19,cash_distribution,0.38,2026-10-10T01:42:59.974995+00:00,yfinance-1.5.2:2026-10-10T01:42:59.974995+00:00
yahoo-ticker:EWJ,EWJ,1997-12-23,cash_distribution,0.004,2026-10-10T01:42:55.842554+00:00,yfinance-1.5.2:2026-10-10T01:42:55.842554+00:00
yahoo-ticker:SPY,SPY,1998-03-20,cash_distribution,0.313,2026-10-10T01:42:59.974995+00:00,yfinance-1.5.2:2026-10-10T01:42:59.974995+00:00
yahoo-ticker:SPY,SPY,1998-06-19,cash_distribution,0.352,2026-10-10T01:42:59.974995+00:00,yfinance-1.5.2:2026-10-10T01:42:59.974995+00:00
yahoo-ticker:EWJ,EWJ,1998-08-25,cash_distribution,0.044,2026-10-10T01:42:55.842554+00:00,yfinance-1.5.2:2026-10-10T01:42:55.842554+00:00
yahoo-ticker:SPY,SPY,1998-09-18,cash_distribution,0.359,2026-10-10T01:42:59.974995+00:00,yfinance-1.5.2:2026-10-10T01:42:59.974995+00:00
yahoo-ticker:SPY,SPY,1998-12-18,cash_distribution,0.392,2026-10-10T01:42:59.974995+00:00,yfinance-1.5.2:2026-10-10T01:42:59.974995+00:00
yahoo-ticker:EWJ,EWJ,1998-12-22,cash_distribution,0.04,2026-10-10T01:42:55.842554+00:00,yfinance-1.5.2:2026-10-10T01:42:55.842554+00:00
yahoo-ticker:SPY,SPY,1999-03-19,cash_distribution,0.32,2026-10-10T01:42:59.974995+00:00,yfinance-1.5.2:2026-10-10T01:42:59.974995+00:00
yahoo-ticker:XLB,XLB,1999-03-19,cash_distribution,0.0375,2026-10-10T01:43:03.569166+00:00,yfinance-1.5.2:2026-10-10T01:43:03.569166+00:00
yahoo-ticker:XLE,XLE,1999-03-19,cash_distribution,0.045,2026-10-10T01:43:04.018451+00:00,yfinance-1.5.2:2026-10-10T01:43:04.018451+00:00
yahoo-ticker:XLF,XLF,1999-03-19,cash_distribution,0.056052,2026-10-10T01:43:04.466526+00:00,yfinance-1.5.2:2026-10-10T01:43:04.466526+00:00
yahoo-ticker:XLI,XLI,1999-03-19,cash_distribution,0.094,2026-10-10T01:43:04.894763+00:00,yfinance-1.5.2:2026-10-10T01:43:04.894763+00:00
yahoo-ticker:XLP,XLP,1999-03-19,cash_distribution,0.049,2026-10-10T01:43:05.749242+00:00,yfinance-1.5.2:2026-10-10T01:43:05.749242+00:00
yahoo-ticker:XLU,XLU,1999-03-19,cash_distribution,0.0945,2026-10-10T01:43:06.185048+00:00,yfinance-1.5.2:2026-10-10T01:43:06.185048+00:00
yahoo-ticker:XLY,XLY,1999-03-19,cash_distribution,0.016,2026-10-10T01:43:07.010195+00:00,yfinance-1.5.2:2026-10-10T01:43:07.010195+00:00
yahoo-ticker:SPY,SPY,1999-06-18,cash_distribution,0.405,2026-10-10T01:42:59.974995+00:00,yfinance-1.5.2:2026-10-10T01:42:59.974995+00:00
yahoo-ticker:XLB,XLB,1999-06-18,cash_distribution,0.042,2026-10-10T01:43:03.569166+00:00,yfinance-1.5.2:2026-10-10T01:43:03.569166+00:00
yahoo-ticker:XLE,XLE,1999-06-18,cash_distribution,0.073,2026-10-10T01:43:04.018451+00:00,yfinance-1.5.2:2026-10-10T01:43:04.018451+00:00
yahoo-ticker:XLF,XLF,1999-06-18,cash_distribution,0.057677,2026-10-10T01:43:04.466526+00:00,yfinance-1.5.2:2026-10-10T01:43:04.466526+00:00
yahoo-ticker:XLI,XLI,1999-06-18,cash_distribution,0.038,2026-10-10T01:43:04.894763+00:00,yfinance-1.5.2:2026-10-10T01:43:04.894763+00:00
yahoo-ticker:XLP,XLP,1999-06-18,cash_distribution,0.1,2026-10-10T01:43:05.749242+00:00,yfinance-1.5.2:2026-10-10T01:43:05.749242+00:00
yahoo-ticker:XLU,XLU,1999-06-18,cash_distribution,0.0935,2026-10-10T01:43:06.185048+00:00,yfinance-1.5.2:2026-10-10T01:43:06.185048+00:00
yahoo-ticker:XLY,XLY,1999-06-18,cash_distribution,0.019,2026-10-10T01:43:07.010195+00:00,yfinance-1.5.2:2026-10-10T01:43:07.010195+00:00
yahoo-ticker:EWJ,EWJ,1999-08-25,cash_distribution,0.2,2026-10-10T01:42:55.842554+00:00,yfinance-1.5.2:2026-10-10T01:42:55.842554+00:00
yahoo-ticker:SPY,SPY,1999-09-17,cash_distribution,0.372,2026-10-10T01:42:59.974995+00:00,yfinance-1.5.2:2026-10-10T01:42:59.974995+00:00
yahoo-ticker:XLB,XLB,1999-09-17,cash_distribution,0.0375,2026-10-10T01:43:03.569166+00:00,yfinance-1.5.2:2026-10-10T01:43:03.569166+00:00
yahoo-ticker:XLE,XLE,1999-09-17,cash_distribution,0.065,2026-10-10T01:43:04.018451+00:00,yfinance-1.5.2:2026-10-10T01:43:04.018451+00:00
yahoo-ticker:XLF,XLF,1999-09-17,cash_distribution,0.060926,2026-10-10T01:43:04.466526+00:00,yfinance-1.5.2:2026-10-10T01:43:04.466526+00:00
yahoo-ticker:XLI,XLI,1999-09-17,cash_distribution,0.054,2026-10-10T01:43:04.894763+00:00,yfinance-1.5.2:2026-10-10T01:43:04.894763+00:00
yahoo-ticker:XLP,XLP,1999-09-17,cash_distribution,0.055,2026-10-10T01:43:05.749242+00:00,yfinance-1.5.2:2026-10-10T01:43:05.749242+00:00
yahoo-ticker:XLU,XLU,1999-09-17,cash_distribution,0.1115,2026-10-10T01:43:06.185048+00:00,yfinance-1.5.2:2026-10-10T01:43:06.185048+00:00
yahoo-ticker:XLY,XLY,1999-09-17,cash_distribution,0.0185,2026-10-10T01:43:07.010195+00:00,yfinance-1.5.2:2026-10-10T01:43:07.010195+00:00
yahoo-ticker:SPY,SPY,1999-12-17,cash_distribution,0.348,2026-10-10T01:42:59.974995+00:00,yfinance-1.5.2:2026-10-10T01:42:59.974995+00:00
yahoo-ticker:XLB,XLB,1999-12-17,cash_distribution,0.053,2026-10-10T01:43:03.569166+00:00,yfinance-1.5.2:2026-10-10T01:43:03.569166+00:00
yahoo-ticker:XLE,XLE,1999-12-17,cash_distribution,0.04,2026-10-10T01:43:04.018451+00:00,yfinance-1.5.2:2026-10-10T01:43:04.018451+00:00
yahoo-ticker:XLF,XLF,1999-12-17,cash_distribution,0.068237,2026-10-10T01:43:04.466526+00:00,yfinance-1.5.2:2026-10-10T01:43:04.466526+00:00
yahoo-ticker:XLI,XLI,1999-12-17,cash_distribution,0.11,2026-10-10T01:43:04.894763+00:00,yfinance-1.5.2:2026-10-10T01:43:04.894763+00:00
yahoo-ticker:XLK,XLK,1999-12-17,cash_distribution,0.0005,2026-10-10T01:43:05.330588+00:00,yfinance-1.5.2:2026-10-10T01:43:05.330588+00:00
yahoo-ticker:XLP,XLP,1999-12-17,cash_distribution,0.067,2026-10-10T01:43:05.749242+00:00,yfinance-1.5.2:2026-10-10T01:43:05.749242+00:00
yahoo-ticker:XLU,XLU,1999-12-17,cash_distribution,0.0915,2026-10-10T01:43:06.185048+00:00,yfinance-1.5.2:2026-10-10T01:43:06.185048+00:00
yahoo-ticker:XLY,XLY,1999-12-17,cash_distribution,0.019,2026-10-10T01:43:07.010195+00:00,yfinance-1.5.2:2026-10-10T01:43:07.010195+00:00
yahoo-ticker:XLV,XLV,1999-12-20,cash_distribution,0.176,2026-10-10T01:43:06.570262+00:00,yfinance-1.5.2:2026-10-10T01:43:06.570262+00:00
yahoo-ticker:EWJ,EWJ,1999-12-21,cash_distribution,0.44,2026-10-10T01:42:55.842554+00:00,yfinance-1.5.2:2026-10-10T01:42:55.842554+00:00
yahoo-ticker:SPY,SPY,2000-03-17,cash_distribution,0.371,2026-10-10T01:42:59.974995+00:00,yfinance-1.5.2:2026-10-10T01:42:59.974995+00:00
yahoo-ticker:XLB,XLB,2000-03-17,cash_distribution,0.027,2026-10-10T01:43:03.569166+00:00,yfinance-1.5.2:2026-10-10T01:43:03.569166+00:00
yahoo-ticker:XLE,XLE,2000-03-17,cash_distribution,0.048,2026-10-10T01:43:04.018451+00:00,yfinance-1.5.2:2026-10-10T01:43:04.018451+00:00
yahoo-ticker:XLF,XLF,2000-03-17,cash_distribution,0.06905,2026-10-10T01:43:04.466526+00:00,yfinance-1.5.2:2026-10-10T01:43:04.466526+00:00
yahoo-ticker:XLI,XLI,2000-03-17,cash_distribution,0.057,2026-10-10T01:43:04.894763+00:00,yfinance-1.5.2:2026-10-10T01:43:04.894763+00:00
yahoo-ticker:XLP,XLP,2000-03-17,cash_distribution,0.068,2026-10-10T01:43:05.749242+00:00,yfinance-1.5.2:2026-10-10T01:43:05.749242+00:00
yahoo-ticker:XLU,XLU,2000-03-17,cash_distribution,0.0985,2026-10-10T01:43:06.185048+00:00,yfinance-1.5.2:2026-10-10T01:43:06.185048+00:00
yahoo-ticker:XLY,XLY,2000-03-17,cash_distribution,0.0275,2026-10-10T01:43:07.010195+00:00,yfinance-1.5.2:2026-10-10T01:43:07.010195+00:00
yahoo-ticker:QQQ,QQQ,2000-03-20,stock_split,2.0,2026-10-10T01:42:58.808927+00:00,yfinance-1.5.2:2026-10-10T01:42:58.808927+00:00
yahoo-ticker:SPY,SPY,2000-06-16,cash_distribution,0.348,2026-10-10T01:42:59.974995+00:00,yfinance-1.5.2:2026-10-10T01:42:59.974995+00:00
yahoo-ticker:XLB,XLB,2000-06-16,cash_distribution,0.05,2026-10-10T01:43:03.569166+00:00,yfinance-1.5.2:2026-10-10T01:43:03.569166+00:00
yahoo-ticker:XLE,XLE,2000-06-16,cash_distribution,0.0755,2026-10-10T01:43:04.018451+00:00,yfinance-1.5.2:2026-10-10T01:43:04.018451+00:00
yahoo-ticker:XLF,XLF,2000-06-16,cash_distribution,0.070674,2026-10-10T01:43:04.466526+00:00,yfinance-1.5.2:2026-10-10T01:43:04.466526+00:00
yahoo-ticker:XLI,XLI,2000-06-16,cash_distribution,0.061,2026-10-10T01:43:04.894763+00:00,yfinance-1.5.2:2026-10-10T01:43:04.894763+00:00
yahoo-ticker:XLP,XLP,2000-06-16,cash_distribution,0.057,2026-10-10T01:43:05.749242+00:00,yfinance-1.5.2:2026-10-10T01:43:05.749242+00:00
yahoo-ticker:XLU,XLU,2000-06-16,cash_distribution,0.1105,2026-10-10T01:43:06.185048+00:00,yfinance-1.5.2:2026-10-10T01:43:06.185048+00:00
yahoo-ticker:XLY,XLY,2000-06-16,cash_distribution,0.025,2026-10-10T01:43:07.010195+00:00,yfinance-1.5.2:2026-10-10T01:43:07.010195+00:00
yahoo-ticker:IWM,IWM,2000-06-21,cash_distribution,0.03,2026-10-10T01:42:57.484124+00:00,yfinance-1.5.2:2026-10-10T01:42:57.484124+00:00
yahoo-ticker:EWJ,EWJ,2000-08-24,cash_distribution,1.804,2026-10-10T01:42:55.842554+00:00,yfinance-1.5.2:2026-10-10T01:42:55.842554+00:00
yahoo-ticker:SPY,SPY,2000-09-15,cash_distribution,0.375,2026-10-10T01:42:59.974995+00:00,yfinance-1.5.2:2026-10-10T01:42:59.974995+00:00
yahoo-ticker:XLB,XLB,2000-09-15,cash_distribution,0.055,2026-10-10T01:43:03.569166+00:00,yfinance-1.5.2:2026-10-10T01:43:03.569166+00:00
yahoo-ticker:XLE,XLE,2000-09-15,cash_distribution,0.0715,2026-10-10T01:43:04.018451+00:00,yfinance-1.5.2:2026-10-10T01:43:04.018451+00:00
yahoo-ticker:XLF,XLF,2000-09-15,cash_distribution,0.071487,2026-10-10T01:43:04.466526+00:00,yfinance-1.5.2:2026-10-10T01:43:04.466526+00:00
yahoo-ticker:XLI,XLI,2000-09-15,cash_distribution,0.085,2026-10-10T01:43:04.894763+00:00,yfinance-1.5.2:2026-10-10T01:43:04.894763+00:00
yahoo-ticker:XLP,XLP,2000-09-15,cash_distribution,0.09,2026-10-10T01:43:05.749242+00:00,yfinance-1.5.2:2026-10-10T01:43:05.749242+00:00
yahoo-ticker:XLU,XLU,2000-09-15,cash_distribution,0.1255,2026-10-10T01:43:06.185048+00:00,yfinance-1.5.2:2026-10-10T01:43:06.185048+00:00
yahoo-ticker:XLY,XLY,2000-09-15,cash_distribution,0.033,2026-10-10T01:43:07.010195+00:00,yfinance-1.5.2:2026-10-10T01:43:07.010195+00:00
yahoo-ticker:IWM,IWM,2000-09-20,cash_distribution,0.178,2026-10-10T01:42:57.484124+00:00,yfinance-1.5.2:2026-10-10T01:42:57.484124+00:00
yahoo-ticker:IWM,IWM,2000-12-13,cash_distribution,0.217,2026-10-10T01:42:57.484124+00:00,yfinance-1.5.2:2026-10-10T01:42:57.484124+00:00
yahoo-ticker:SPY,SPY,2000-12-15,cash_distribution,0.411,2026-10-10T01:42:59.974995+00:00,yfinance-1.5.2:2026-10-10T01:42:59.974995+00:00
yahoo-ticker:XLE,XLE,2000-12-15,cash_distribution,0.0455,2026-10-10T01:43:04.018451+00:00,yfinance-1.5.2:2026-10-10T01:43:04.018451+00:00
yahoo-ticker:XLF,XLF,2000-12-15,cash_distribution,0.083672,2026-10-10T01:43:04.466526+00:00,yfinance-1.5.2:2026-10-10T01:43:04.466526+00:00
yahoo-ticker:XLI,XLI,2000-12-15,cash_distribution,0.128,2026-10-10T01:43:04.894763+00:00,yfinance-1.5.2:2026-10-10T01:43:04.894763+00:00
yahoo-ticker:XLP,XLP,2000-12-15,cash_distribution,0.08,2026-10-10T01:43:05.749242+00:00,yfinance-1.5.2:2026-10-10T01:43:05.749242+00:00
yahoo-ticker:XLU,XLU,2000-12-15,cash_distribution,0.119,2026-10-10T01:43:06.185048+00:00,yfinance-1.5.2:2026-10-10T01:43:06.185048+00:00
yahoo-ticker:XLY,XLY,2000-12-15,cash_distribution,0.0305,2026-10-10T01:43:07.010195+00:00,yfinance-1.5.2:2026-10-10T01:43:07.010195+00:00
yahoo-ticker:XLB,XLB,2000-12-18,cash_distribution,0.2535,2026-10-10T01:43:03.569166+00:00,yfinance-1.5.2:2026-10-10T01:43:03.569166+00:00
yahoo-ticker:XLU,XLU,2000-12-18,cash_distribution,0.127,2026-10-10T01:43:06.185048+00:00,yfinance-1.5.2:2026-10-10T01:43:06.185048+00:00
yahoo-ticker:XLV,XLV,2000-12-18,cash_distribution,0.005,2026-10-10T01:43:06.570262+00:00,yfinance-1.5.2:2026-10-10T01:43:06.570262+00:00
yahoo-ticker:EWJ,EWJ,2000-12-20,cash_distribution,2.24,2026-10-10T01:42:55.842554+00:00,yfinance-1.5.2:2026-10-10T01:42:55.842554+00:00
yahoo-ticker:IWM,IWM,2001-03-09,cash_distribution,0.097,2026-10-10T01:42:57.484124+00:00,yfinance-1.5.2:2026-10-10T01:42:57.484124+00:00
yahoo-ticker:SPY,SPY,2001-03-16,cash_distribution,0.316,2026-10-10T01:42:59.974995+00:00,yfinance-1.5.2:2026-10-10T01:42:59.974995+00:00
yahoo-ticker:XLB,XLB,2001-03-16,cash_distribution,0.047,2026-10-10T01:43:03.569166+00:00,yfinance-1.5.2:2026-10-10T01:43:03.569166+00:00
yahoo-ticker:XLE,XLE,2001-03-16,cash_distribution,0.0485,2026-10-10T01:43:04.018451+00:00,yfinance-1.5.2:2026-10-10T01:43:04.018451+00:00
yahoo-ticker:XLF,XLF,2001-03-16,cash_distribution,0.070674,2026-10-10T01:43:04.466526+00:00,yfinance-1.5.2:2026-10-10T01:43:04.466526+00:00
yahoo-ticker:XLI,XLI,2001-03-16,cash_distribution,0.079,2026-10-10T01:43:04.894763+00:00,yfinance-1.5.2:2026-10-10T01:43:04.894763+00:00
yahoo-ticker:XLP,XLP,2001-03-16,cash_distribution,0.072,2026-10-10T01:43:05.749242+00:00,yfinance-1.5.2:2026-10-10T01:43:05.749242+00:00
yahoo-ticker:XLU,XLU,2001-03-16,cash_distribution,0.1075,2026-10-10T01:43:06.185048+00:00,yfinance-1.5.2:2026-10-10T01:43:06.185048+00:00
yahoo-ticker:XLV,XLV,2001-03-16,cash_distribution,0.005,2026-10-10T01:43:06.570262+00:00,yfinance-1.5.2:2026-10-10T01:43:06.570262+00:00
yahoo-ticker:XLY,XLY,2001-03-16,cash_distribution,0.0265,2026-10-10T01:43:07.010195+00:00,yfinance-1.5.2:2026-10-10T01:43:07.010195+00:00
yahoo-ticker:IWM,IWM,2001-06-08,cash_distribution,0.142,2026-10-10T01:42:57.484124+00:00,yfinance-1.5.2:2026-10-10T01:42:57.484124+00:00
yahoo-ticker:SPY,SPY,2001-06-15,cash_distribution,0.346,2026-10-10T01:42:59.974995+00:00,yfinance-1.5.2:2026-10-10T01:42:59.974995+00:00
yahoo-ticker:XLB,XLB,2001-06-15,cash_distribution,0.0495,2026-10-10T01:43:03.569166+00:00,yfinance-1.5.2:2026-10-10T01:43:03.569166+00:00
yahoo-ticker:XLE,XLE,2001-06-15,cash_distribution,0.0755,2026-10-10T01:43:04.018451+00:00,yfinance-1.5.2:2026-10-10T01:43:04.018451+00:00
yahoo-ticker:XLF,XLF,2001-06-15,cash_distribution,0.082047,2026-10-10T01:43:04.466526+00:00,yfinance-1.5.2:2026-10-10T01:43:04.466526+00:00
yahoo-ticker:XLI,XLI,2001-06-15,cash_distribution,0.065,2026-10-10T01:43:04.894763+00:00,yfinance-1.5.2:2026-10-10T01:43:04.894763+00:00
yahoo-ticker:XLP,XLP,2001-06-15,cash_distribution,0.081,2026-10-10T01:43:05.749242+00:00,yfinance-1.5.2:2026-10-10T01:43:05.749242+00:00
yahoo-ticker:XLU,XLU,2001-06-15,cash_distribution,0.1095,2026-10-10T01:43:06.185048+00:00,yfinance-1.5.2:2026-10-10T01:43:06.185048+00:00
yahoo-ticker:XLV,XLV,2001-06-15,cash_distribution,0.012,2026-10-10T01:43:06.570262+00:00,yfinance-1.5.2:2026-10-10T01:43:06.570262+00:00
yahoo-ticker:XLY,XLY,2001-06-15,cash_distribution,0.0295,2026-10-10T01:43:07.010195+00:00,yfinance-1.5.2:2026-10-10T01:43:07.010195+00:00
yahoo-ticker:SPY,SPY,2001-09-21,cash_distribution,0.369,2026-10-10T01:42:59.974995+00:00,yfinance-1.5.2:2026-10-10T01:42:59.974995+00:00
yahoo-ticker:XLB,XLB,2001-09-21,cash_distribution,0.0535,2026-10-10T01:43:03.569166+00:00,yfinance-1.5.2:2026-10-10T01:43:03.569166+00:00
yahoo-ticker:XLE,XLE,2001-09-21,cash_distribution,0.0705,2026-10-10T01:43:04.018451+00:00,yfinance-1.5.2:2026-10-10T01:43:04.018451+00:00
yahoo-ticker:XLF,XLF,2001-09-21,cash_distribution,0.080422,2026-10-10T01:43:04.466526+00:00,yfinance-1.5.2:2026-10-10T01:43:04.466526+00:00
yahoo-ticker:XLI,XLI,2001-09-21,cash_distribution,0.091,2026-10-10T01:43:04.894763+00:00,yfinance-1.5.2:2026-10-10T01:43:04.894763+00:00
yahoo-ticker:XLP,XLP,2001-09-21,cash_distribution,0.077,2026-10-10T01:43:05.749242+00:00,yfinance-1.5.2:2026-10-10T01:43:05.749242+00:00
yahoo-ticker:XLU,XLU,2001-09-21,cash_distribution,0.1155,2026-10-10T01:43:06.185048+00:00,yfinance-1.5.2:2026-10-10T01:43:06.185048+00:00
yahoo-ticker:XLV,XLV,2001-09-21,cash_distribution,0.009,2026-10-10T01:43:06.570262+00:00,yfinance-1.5.2:2026-10-10T01:43:06.570262+00:00
yahoo-ticker:XLY,XLY,2001-09-21,cash_distribution,0.0315,2026-10-10T01:43:07.010195+00:00,yfinance-1.5.2:2026-10-10T01:43:07.010195+00:00
yahoo-ticker:IWM,IWM,2001-10-01,cash_distribution,0.147,2026-10-10T01:42:57.484124+00:00,yfinance-1.5.2:2026-10-10T01:42:57.484124+00:00
yahoo-ticker:EFA,EFA,2001-10-02,cash_distribution,0.055333,2026-10-10T01:42:55.419695+00:00,yfinance-1.5.2:2026-10-10T01:42:55.419695+00:00
yahoo-ticker:IWM,IWM,2001-12-14,cash_distribution,0.135,2026-10-10T01:42:57.484124+00:00,yfinance-1.5.2:2026-10-10T01:42:57.484124+00:00
yahoo-ticker:SPY,SPY,2001-12-21,cash_distribution,0.393,2026-10-10T01:42:59.974995+00:00,yfinance-1.5.2:2026-10-10T01:42:59.974995+00:00
yahoo-ticker:XLB,XLB,2001-12-21,cash_distribution,0.0675,2026-10-10T01:43:03.569166+00:00,yfinance-1.5.2:2026-10-10T01:43:03.569166+00:00
yahoo-ticker:XLE,XLE,2001-12-21,cash_distribution,0.053,2026-10-10T01:43:04.018451+00:00,yfinance-1.5.2:2026-10-10T01:43:04.018451+00:00
yahoo-ticker:XLF,XLF,2001-12-21,cash_distribution,0.09342,2026-10-10T01:43:04.466526+00:00,yfinance-1.5.2:2026-10-10T01:43:04.466526+00:00
yahoo-ticker:XLP,XLP,2001-12-21,cash_distribution,0.09,2026-10-10T01:43:05.749242+00:00,yfinance-1.5.2:2026-10-10T01:43:05.749242+00:00
yahoo-ticker:XLU,XLU,2001-12-21,cash_distribution,0.1075,2026-10-10T01:43:06.185048+00:00,yfinance-1.5.2:2026-10-10T01:43:06.185048+00:00
yahoo-ticker:XLV,XLV,2001-12-21,cash_distribution,0.047,2026-10-10T01:43:06.570262+00:00,yfinance-1.5.2:2026-10-10T01:43:06.570262+00:00
yahoo-ticker:XLY,XLY,2001-12-21,cash_distribution,0.022,2026-10-10T01:43:07.010195+00:00,yfinance-1.5.2:2026-10-10T01:43:07.010195+00:00
yahoo-ticker:EFA,EFA,2001-12-24,cash_distribution,0.027333,2026-10-10T01:42:55.419695+00:00,yfinance-1.5.2:2026-10-10T01:42:55.419695+00:00
yahoo-ticker:IWM,IWM,2002-03-08,cash_distribution,0.0575,2026-10-10T01:42:57.484124+00:00,yfinance-1.5.2:2026-10-10T01:42:57.484124+00:00
yahoo-ticker:SPY,SPY,2002-03-15,cash_distribution,0.331,2026-10-10T01:42:59.974995+00:00,yfinance-1.5.2:2026-10-10T01:42:59.974995+00:00
yahoo-ticker:XLB,XLB,2002-03-15,cash_distribution,0.0395,2026-10-10T01:43:03.569166+00:00,yfinance-1.5.2:2026-10-10T01:43:03.569166+00:00
yahoo-ticker:XLE,XLE,2002-03-15,cash_distribution,0.048,2026-10-10T01:43:04.018451+00:00,yfinance-1.5.2:2026-10-10T01:43:04.018451+00:00
yahoo-ticker:XLF,XLF,2002-03-15,cash_distribution,0.073111,2026-10-10T01:43:04.466526+00:00,yfinance-1.5.2:2026-10-10T01:43:04.466526+00:00
yahoo-ticker:XLI,XLI,2002-03-15,cash_distribution,0.082,2026-10-10T01:43:04.894763+00:00,yfinance-1.5.2:2026-10-10T01:43:04.894763+00:00
yahoo-ticker:XLP,XLP,2002-03-15,cash_distribution,0.075,2026-10-10T01:43:05.749242+00:00,yfinance-1.5.2:2026-10-10T01:43:05.749242+00:00
yahoo-ticker:XLU,XLU,2002-03-15,cash_distribution,0.112,2026-10-10T01:43:06.185048+00:00,yfinance-1.5.2:2026-10-10T01:43:06.185048+00:00
yahoo-ticker:XLV,XLV,2002-03-15,cash_distribution,0.013,2026-10-10T01:43:06.570262+00:00,yfinance-1.5.2:2026-10-10T01:43:06.570262+00:00
yahoo-ticker:XLY,XLY,2002-03-15,cash_distribution,0.019,2026-10-10T01:43:07.010195+00:00,yfinance-1.5.2:2026-10-10T01:43:07.010195+00:00
yahoo-ticker:IWM,IWM,2002-06-14,cash_distribution,0.1205,2026-10-10T01:42:57.484124+00:00,yfinance-1.5.2:2026-10-10T01:42:57.484124+00:00
yahoo-ticker:SPY,SPY,2002-06-21,cash_distribution,0.353,2026-10-10T01:42:59.974995+00:00,yfinance-1.5.2:2026-10-10T01:42:59.974995+00:00
yahoo-ticker:XLB,XLB,2002-06-21,cash_distribution,0.0575,2026-10-10T01:43:03.569166+00:00,yfinance-1.5.2:2026-10-10T01:43:03.569166+00:00
yahoo-ticker:XLE,XLE,2002-06-21,cash_distribution,0.078,2026-10-10T01:43:04.018451+00:00,yfinance-1.5.2:2026-10-10T01:43:04.018451+00:00
yahoo-ticker:XLF,XLF,2002-06-21,cash_distribution,0.090983,2026-10-10T01:43:04.466526+00:00,yfinance-1.5.2:2026-10-10T01:43:04.466526+00:00
yahoo-ticker:XLI,XLI,2002-06-21,cash_distribution,0.059,2026-10-10T01:43:04.894763+00:00,yfinance-1.5.2:2026-10-10T01:43:04.894763+00:00
yahoo-ticker:XLP,XLP,2002-06-21,cash_distribution,0.072,2026-10-10T01:43:05.749242+00:00,yfinance-1.5.2:2026-10-10T01:43:05.749242+00:00
yahoo-ticker:XLU,XLU,2002-06-21,cash_distribution,0.1185,2026-10-10T01:43:06.185048+00:00,yfinance-1.5.2:2026-10-10T01:43:06.185048+00:00
yahoo-ticker:XLV,XLV,2002-06-21,cash_distribution,0.007,2026-10-10T01:43:06.570262+00:00,yfinance-1.5.2:2026-10-10T01:43:06.570262+00:00
yahoo-ticker:XLY,XLY,2002-06-21,cash_distribution,0.0255,2026-10-10T01:43:07.010195+00:00,yfinance-1.5.2:2026-10-10T01:43:07.010195+00:00
yahoo-ticker:IEF,IEF,2002-09-03,cash_distribution,0.29,2026-10-10T01:42:57.071590+00:00,yfinance-1.5.2:2026-10-10T01:42:57.071590+00:00
yahoo-ticker:LQD,LQD,2002-09-03,cash_distribution,0.549,2026-10-10T01:42:57.875026+00:00,yfinance-1.5.2:2026-10-10T01:42:57.875026+00:00
yahoo-ticker:SHY,SHY,2002-09-03,cash_distribution,0.133,2026-10-10T01:42:59.247733+00:00,yfinance-1.5.2:2026-10-10T01:42:59.247733+00:00
yahoo-ticker:TLT,TLT,2002-09-03,cash_distribution,0.373,2026-10-10T01:43:00.768241+00:00,yfinance-1.5.2:2026-10-10T01:43:00.768241+00:00
yahoo-ticker:IWM,IWM,2002-09-13,cash_distribution,0.128,2026-10-10T01:42:57.484124+00:00,yfinance-1.5.2:2026-10-10T01:42:57.484124+00:00
yahoo-ticker:SPY,SPY,2002-09-20,cash_distribution,0.378,2026-10-10T01:42:59.974995+00:00,yfinance-1.5.2:2026-10-10T01:42:59.974995+00:00
yahoo-ticker:XLB,XLB,2002-09-20,cash_distribution,0.0555,2026-10-10T01:43:03.569166+00:00,yfinance-1.5.2:2026-10-10T01:43:03.569166+00:00
yahoo-ticker:XLE,XLE,2002-09-20,cash_distribution,0.0575,2026-10-10T01:43:04.018451+00:00,yfinance-1.5.2:2026-10-10T01:43:04.018451+00:00
yahoo-ticker:XLF,XLF,2002-09-20,cash_distribution,0.090983,2026-10-10T01:43:04.466526+00:00,yfinance-1.5.2:2026-10-10T01:43:04.466526+00:00
yahoo-ticker:XLI,XLI,2002-09-20,cash_distribution,0.077,2026-10-10T01:43:04.894763+00:00,yfinance-1.5.2:2026-10-10T01:43:04.894763+00:00
yahoo-ticker:XLP,XLP,2002-09-20,cash_distribution,0.132,2026-10-10T01:43:05.749242+00:00,yfinance-1.5.2:2026-10-10T01:43:05.749242+00:00
yahoo-ticker:XLU,XLU,2002-09-20,cash_distribution,0.116,2026-10-10T01:43:06.185048+00:00,yfinance-1.5.2:2026-10-10T01:43:06.185048+00:00
yahoo-ticker:XLV,XLV,2002-09-20,cash_distribution,0.079,2026-10-10T01:43:06.570262+00:00,yfinance-1.5.2:2026-10-10T01:43:06.570262+00:00
yahoo-ticker:XLY,XLY,2002-09-20,cash_distribution,0.015,2026-10-10T01:43:07.010195+00:00,yfinance-1.5.2:2026-10-10T01:43:07.010195+00:00
yahoo-ticker:IEF,IEF,2002-10-01,cash_distribution,0.258,2026-10-10T01:42:57.071590+00:00,yfinance-1.5.2:2026-10-10T01:42:57.071590+00:00
yahoo-ticker:LQD,LQD,2002-10-01,cash_distribution,0.447,2026-10-10T01:42:57.875026+00:00,yfinance-1.5.2:2026-10-10T01:42:57.875026+00:00
yahoo-ticker:SHY,SHY,2002-10-01,cash_distribution,0.12,2026-10-10T01:42:59.247733+00:00,yfinance-1.5.2:2026-10-10T01:42:59.247733+00:00
yahoo-ticker:TLT,TLT,2002-10-01,cash_distribution,0.343,2026-10-10T01:43:00.768241+00:00,yfinance-1.5.2:2026-10-10T01:43:00.768241+00:00
yahoo-ticker:IEF,IEF,2002-11-01,cash_distribution,0.295,2026-10-10T01:42:57.071590+00:00,yfinance-1.5.2:2026-10-10T01:42:57.071590+00:00
yahoo-ticker:LQD,LQD,2002-11-01,cash_distribution,0.517,2026-10-10T01:42:57.875026+00:00,yfinance-1.5.2:2026-10-10T01:42:57.875026+00:00
yahoo-ticker:SHY,SHY,2002-11-01,cash_distribution,0.133,2026-10-10T01:42:59.247733+00:00,yfinance-1.5.2:2026-10-10T01:42:59.247733+00:00
yahoo-ticker:TLT,TLT,2002-11-01,cash_distribution,0.389,2026-10-10T01:43:00.768241+00:00,yfinance-1.5.2:2026-10-10T01:43:00.768241+00:00
yahoo-ticker:IEF,IEF,2002-12-02,cash_distribution,0.52,2026-10-10T01:42:57.071590+00:00,yfinance-1.5.2:2026-10-10T01:42:57.071590+00:00
yahoo-ticker:LQD,LQD,2002-12-02,cash_distribution,0.455,2026-10-10T01:42:57.875026+00:00,yfinance-1.5.2:2026-10-10T01:42:57.875026+00:00
yahoo-ticker:SHY,SHY,2002-12-02,cash_distribution,0.12,2026-10-10T01:42:59.247733+00:00,yfinance-1.5.2:2026-10-10T01:42:59.247733+00:00
yahoo-ticker:TLT,TLT,2002-12-02,cash_distribution,0.389,2026-10-10T01:43:00.768241+00:00,yfinance-1.5.2:2026-10-10T01:43:00.768241+00:00
yahoo-ticker:IWM,IWM,2002-12-13,cash_distribution,0.19,2026-10-10T01:42:57.484124+00:00,yfinance-1.5.2:2026-10-10T01:42:57.484124+00:00
yahoo-ticker:SPY,SPY,2002-12-20,cash_distribution,0.436,2026-10-10T01:42:59.974995+00:00,yfinance-1.5.2:2026-10-10T01:42:59.974995+00:00
yahoo-ticker:XLB,XLB,2002-12-20,cash_distribution,0.0745,2026-10-10T01:43:03.569166+00:00,yfinance-1.5.2:2026-10-10T01:43:03.569166+00:00
yahoo-ticker:XLE,XLE,2002-12-20,cash_distribution,0.058,2026-10-10T01:43:04.018451+00:00,yfinance-1.5.2:2026-10-10T01:43:04.018451+00:00
yahoo-ticker:XLF,XLF,2002-12-20,cash_distribution,0.108042,2026-10-10T01:43:04.466526+00:00,yfinance-1.5.2:2026-10-10T01:43:04.466526+00:00
yahoo-ticker:XLI,XLI,2002-12-20,cash_distribution,0.113,2026-10-10T01:43:04.894763+00:00,yfinance-1.5.2:2026-10-10T01:43:04.894763+00:00
yahoo-ticker:XLK,XLK,2002-12-20,cash_distribution,0.0205,2026-10-10T01:43:05.330588+00:00,yfinance-1.5.2:2026-10-10T01:43:05.330588+00:00
yahoo-ticker:XLP,XLP,2002-12-20,cash_distribution,0.105,2026-10-10T01:43:05.749242+00:00,yfinance-1.5.2:2026-10-10T01:43:05.749242+00:00
yahoo-ticker:XLU,XLU,2002-12-20,cash_distribution,0.1135,2026-10-10T01:43:06.185048+00:00,yfinance-1.5.2:2026-10-10T01:43:06.185048+00:00
yahoo-ticker:XLV,XLV,2002-12-20,cash_distribution,0.099,2026-10-10T01:43:06.570262+00:00,yfinance-1.5.2:2026-10-10T01:43:06.570262+00:00
yahoo-ticker:XLY,XLY,2002-12-20,cash_distribution,0.0265,2026-10-10T01:43:07.010195+00:00,yfinance-1.5.2:2026-10-10T01:43:07.010195+00:00
yahoo-ticker:EFA,EFA,2002-12-23,cash_distribution,0.627333,2026-10-10T01:42:55.419695+00:00,yfinance-1.5.2:2026-10-10T01:42:55.419695+00:00
yahoo-ticker:IEF,IEF,2002-12-31,cash_distribution,0.416,2026-10-10T01:42:57.071590+00:00,yfinance-1.5.2:2026-10-10T01:42:57.071590+00:00
yahoo-ticker:LQD,LQD,2002-12-31,cash_distribution,0.509,2026-10-10T01:42:57.875026+00:00,yfinance-1.5.2:2026-10-10T01:42:57.875026+00:00
yahoo-ticker:SHY,SHY,2002-12-31,cash_distribution,0.139,2026-10-10T01:42:59.247733+00:00,yfinance-1.5.2:2026-10-10T01:42:59.247733+00:00
yahoo-ticker:TLT,TLT,2002-12-31,cash_distribution,0.446,2026-10-10T01:43:00.768241+00:00,yfinance-1.5.2:2026-10-10T01:43:00.768241+00:00
yahoo-ticker:IEF,IEF,2003-02-03,cash_distribution,0.278,2026-10-10T01:42:57.071590+00:00,yfinance-1.5.2:2026-10-10T01:42:57.071590+00:00
yahoo-ticker:LQD,LQD,2003-02-03,cash_distribution,0.455,2026-10-10T01:42:57.875026+00:00,yfinance-1.5.2:2026-10-10T01:42:57.875026+00:00
yahoo-ticker:SHY,SHY,2003-02-03,cash_distribution,0.122,2026-10-10T01:42:59.247733+00:00,yfinance-1.5.2:2026-10-10T01:42:59.247733+00:00
yahoo-ticker:TLT,TLT,2003-02-03,cash_distribution,0.308,2026-10-10T01:43:00.768241+00:00,yfinance-1.5.2:2026-10-10T01:43:00.768241+00:00
yahoo-ticker:IEF,IEF,2003-03-03,cash_distribution,0.24,2026-10-10T01:42:57.071590+00:00,yfinance-1.5.2:2026-10-10T01:42:57.071590+00:00
yahoo-ticker:LQD,LQD,2003-03-03,cash_distribution,0.423,2026-10-10T01:42:57.875026+00:00,yfinance-1.5.2:2026-10-10T01:42:57.875026+00:00
yahoo-ticker:SHY,SHY,2003-03-03,cash_distribution,0.107,2026-10-10T01:42:59.247733+00:00,yfinance-1.5.2:2026-10-10T01:42:59.247733+00:00
yahoo-ticker:TLT,TLT,2003-03-03,cash_distribution,0.34,2026-10-10T01:43:00.768241+00:00,yfinance-1.5.2:2026-10-10T01:43:00.768241+00:00
yahoo-ticker:IWM,IWM,2003-03-07,cash_distribution,0.08,2026-10-10T01:42:57.484124+00:00,yfinance-1.5.2:2026-10-10T01:42:57.484124+00:00
yahoo-ticker:SPY,SPY,2003-03-21,cash_distribution,0.354,2026-10-10T01:42:59.974995+00:00,yfinance-1.5.2:2026-10-10T01:42:59.974995+00:00
yahoo-ticker:XLB,XLB,2003-03-21,cash_distribution,0.043,2026-10-10T01:43:03.569166+00:00,yfinance-1.5.2:2026-10-10T01:43:03.569166+00:00
yahoo-ticker:XLE,XLE,2003-03-21,cash_distribution,0.0595,2026-10-10T01:43:04.018451+00:00,yfinance-1.5.2:2026-10-10T01:43:04.018451+00:00
yahoo-ticker:XLF,XLF,2003-03-21,cash_distribution,0.078798,2026-10-10T01:43:04.466526+00:00,yfinance-1.5.2:2026-10-10T01:43:04.466526+00:00
yahoo-ticker:XLI,XLI,2003-03-21,cash_distribution,0.076,2026-10-10T01:43:04.894763+00:00,yfinance-1.5.2:2026-10-10T01:43:04.894763+00:00
yahoo-ticker:XLP,XLP,2003-03-21,cash_distribution,0.105,2026-10-10T01:43:05.749242+00:00,yfinance-1.5.2:2026-10-10T01:43:05.749242+00:00
yahoo-ticker:XLU,XLU,2003-03-21,cash_distribution,0.0985,2026-10-10T01:43:06.185048+00:00,yfinance-1.5.2:2026-10-10T01:43:06.185048+00:00
yahoo-ticker:XLV,XLV,2003-03-21,cash_distribution,0.072,2026-10-10T01:43:06.570262+00:00,yfinance-1.5.2:2026-10-10T01:43:06.570262+00:00
yahoo-ticker:XLY,XLY,2003-03-21,cash_distribution,0.017,2026-10-10T01:43:07.010195+00:00,yfinance-1.5.2:2026-10-10T01:43:07.010195+00:00
yahoo-ticker:IEF,IEF,2003-04-01,cash_distribution,0.249,2026-10-10T01:42:57.071590+00:00,yfinance-1.5.2:2026-10-10T01:42:57.071590+00:00
yahoo-ticker:LQD,LQD,2003-04-01,cash_distribution,0.731,2026-10-10T01:42:57.875026+00:00,yfinance-1.5.2:2026-10-10T01:42:57.875026+00:00
yahoo-ticker:SHY,SHY,2003-04-01,cash_distribution,0.112,2026-10-10T01:42:59.247733+00:00,yfinance-1.5.2:2026-10-10T01:42:59.247733+00:00
yahoo-ticker:TLT,TLT,2003-04-01,cash_distribution,0.378,2026-10-10T01:43:00.768241+00:00,yfinance-1.5.2:2026-10-10T01:43:00.768241+00:00
yahoo-ticker:IEF,IEF,2003-05-01,cash_distribution,0.342,2026-10-10T01:42:57.071590+00:00,yfinance-1.5.2:2026-10-10T01:42:57.071590+00:00
yahoo-ticker:LQD,LQD,2003-05-01,cash_distribution,0.843,2026-10-10T01:42:57.875026+00:00,yfinance-1.5.2:2026-10-10T01:42:57.875026+00:00
yahoo-ticker:SHY,SHY,2003-05-01,cash_distribution,0.13,2026-10-10T01:42:59.247733+00:00,yfinance-1.5.2:2026-10-10T01:42:59.247733+00:00
yahoo-ticker:TLT,TLT,2003-05-01,cash_distribution,0.473,2026-10-10T01:43:00.768241+00:00,yfinance-1.5.2:2026-10-10T01:43:00.768241+00:00
yahoo-ticker:IEF,IEF,2003-06-02,cash_distribution,0.244,2026-10-10T01:42:57.071590+00:00,yfinance-1.5.2:2026-10-10T01:42:57.071590+00:00
yahoo-ticker:LQD,LQD,2003-06-02,cash_distribution,0.713,2026-10-10T01:42:57.875026+00:00,yfinance-1.5.2:2026-10-10T01:42:57.875026+00:00
yahoo-ticker:SHY,SHY,2003-06-02,cash_distribution,0.107,2026-10-10T01:42:59.247733+00:00,yfinance-1.5.2:2026-10-10T01:42:59.247733+00:00
yahoo-ticker:TLT,TLT,2003-06-02,cash_distribution,0.398,2026-10-10T01:43:00.768241+00:00,yfinance-1.5.2:2026-10-10T01:43:00.768241+00:00
yahoo-ticker:IWM,IWM,2003-06-13,cash_distribution,0.075,2026-10-10T01:42:57.484124+00:00,yfinance-1.5.2:2026-10-10T01:42:57.484124+00:00
yahoo-ticker:SPY,SPY,2003-06-20,cash_distribution,0.36,2026-10-10T01:42:59.974995+00:00,yfinance-1.5.2:2026-10-10T01:42:59.974995+00:00
yahoo-ticker:XLB,XLB,2003-06-20,cash_distribution,0.0595,2026-10-10T01:43:03.569166+00:00,yfinance-1.5.2:2026-10-10T01:43:03.569166+00:00
yahoo-ticker:XLE,XLE,2003-06-20,cash_distribution,0.059,2026-10-10T01:43:04.018451+00:00,yfinance-1.5.2:2026-10-10T01:43:04.018451+00:00
yahoo-ticker:XLF,XLF,2003-06-20,cash_distribution,0.094232,2026-10-10T01:43:04.466526+00:00,yfinance-1.5.2:2026-10-10T01:43:04.466526+00:00
yahoo-ticker:XLI,XLI,2003-06-20,cash_distribution,0.05,2026-10-10T01:43:04.894763+00:00,yfinance-1.5.2:2026-10-10T01:43:04.894763+00:00
yahoo-ticker:XLP,XLP,2003-06-20,cash_distribution,0.092,2026-10-10T01:43:05.749242+00:00,yfinance-1.5.2:2026-10-10T01:43:05.749242+00:00
yahoo-ticker:XLU,XLU,2003-06-20,cash_distribution,0.0965,2026-10-10T01:43:06.185048+00:00,yfinance-1.5.2:2026-10-10T01:43:06.185048+00:00
yahoo-ticker:XLV,XLV,2003-06-20,cash_distribution,0.086,2026-10-10T01:43:06.570262+00:00,yfinance-1.5.2:2026-10-10T01:43:06.570262+00:00
yahoo-ticker:XLY,XLY,2003-06-20,cash_distribution,0.019,2026-10-10T01:43:07.010195+00:00,yfinance-1.5.2:2026-10-10T01:43:07.010195+00:00
yahoo-ticker:IEF,IEF,2003-07-01,cash_distribution,0.663,2026-10-10T01:42:57.071590+00:00,yfinance-1.5.2:2026-10-10T01:42:57.071590+00:00
yahoo-ticker:LQD,LQD,2003-07-01,cash_distribution,0.663,2026-10-10T01:42:57.875026+00:00,yfinance-1.5.2:2026-10-10T01:42:57.875026+00:00
yahoo-ticker:SHY,SHY,2003-07-01,cash_distribution,0.102,2026-10-10T01:42:59.247733+00:00,yfinance-1.5.2:2026-10-10T01:42:59.247733+00:00
yahoo-ticker:TLT,TLT,2003-07-01,cash_distribution,0.353,2026-10-10T01:43:00.768241+00:00,yfinance-1.5.2:2026-10-10T01:43:00.768241+00:00
yahoo-ticker:IEF,IEF,2003-08-01,cash_distribution,0.717,2026-10-10T01:42:57.071590+00:00,yfinance-1.5.2:2026-10-10T01:42:57.071590+00:00
yahoo-ticker:LQD,LQD,2003-08-01,cash_distribution,0.717,2026-10-10T01:42:57.875026+00:00,yfinance-1.5.2:2026-10-10T01:42:57.875026+00:00
yahoo-ticker:SHY,SHY,2003-08-01,cash_distribution,0.102,2026-10-10T01:42:59.247733+00:00,yfinance-1.5.2:2026-10-10T01:42:59.247733+00:00
yahoo-ticker:TLT,TLT,2003-08-01,cash_distribution,0.378,2026-10-10T01:43:00.768241+00:00,yfinance-1.5.2:2026-10-10T01:43:00.768241+00:00
yahoo-ticker:IEF,IEF,2003-09-02,cash_distribution,0.764,2026-10-10T01:42:57.071590+00:00,yfinance-1.5.2:2026-10-10T01:42:57.071590+00:00
yahoo-ticker:LQD,LQD,2003-09-02,cash_distribution,0.764,2026-10-10T01:42:57.875026+00:00,yfinance-1.5.2:2026-10-10T01:42:57.875026+00:00
yahoo-ticker:SHY,SHY,2003-09-02,cash_distribution,0.103,2026-10-10T01:42:59.247733+00:00,yfinance-1.5.2:2026-10-10T01:42:59.247733+00:00
yahoo-ticker:TLT,TLT,2003-09-02,cash_distribution,0.372,2026-10-10T01:43:00.768241+00:00,yfinance-1.5.2:2026-10-10T01:43:00.768241+00:00
yahoo-ticker:IWM,IWM,2003-09-12,cash_distribution,0.1185,2026-10-10T01:42:57.484124+00:00,yfinance-1.5.2:2026-10-10T01:42:57.484124+00:00
yahoo-ticker:SPY,SPY,2003-09-19,cash_distribution,0.4,2026-10-10T01:42:59.974995+00:00,yfinance-1.5.2:2026-10-10T01:42:59.974995+00:00
yahoo-ticker:XLB,XLB,2003-09-19,cash_distribution,0.06,2026-10-10T01:43:03.569166+00:00,yfinance-1.5.2:2026-10-10T01:43:03.569166+00:00
yahoo-ticker:XLE,XLE,2003-09-19,cash_distribution,0.0605,2026-10-10T01:43:04.018451+00:00,yfinance-1.5.2:2026-10-10T01:43:04.018451+00:00
yahoo-ticker:XLF,XLF,2003-09-19,cash_distribution,0.112916,2026-10-10T01:43:04.466526+00:00,yfinance-1.5.2:2026-10-10T01:43:04.466526+00:00
yahoo-ticker:XLI,XLI,2003-09-19,cash_distribution,0.087,2026-10-10T01:43:04.894763+00:00,yfinance-1.5.2:2026-10-10T01:43:04.894763+00:00
yahoo-ticker:XLP,XLP,2003-09-19,cash_distribution,0.071,2026-10-10T01:43:05.749242+00:00,yfinance-1.5.2:2026-10-10T01:43:05.749242+00:00
yahoo-ticker:XLU,XLU,2003-09-19,cash_distribution,0.0975,2026-10-10T01:43:06.185048+00:00,yfinance-1.5.2:2026-10-10T01:43:06.185048+00:00
yahoo-ticker:XLV,XLV,2003-09-19,cash_distribution,0.086,2026-10-10T01:43:06.570262+00:00,yfinance-1.5.2:2026-10-10T01:43:06.570262+00:00
yahoo-ticker:XLY,XLY,2003-09-19,cash_distribution,0.019,2026-10-10T01:43:07.010195+00:00,yfinance-1.5.2:2026-10-10T01:43:07.010195+00:00
yahoo-ticker:IEF,IEF,2003-10-01,cash_distribution,0.731,2026-10-10T01:42:57.071590+00:00,yfinance-1.5.2:2026-10-10T01:42:57.071590+00:00
yahoo-ticker:LQD,LQD,2003-10-01,cash_distribution,0.731,2026-10-10T01:42:57.875026+00:00,yfinance-1.5.2:2026-10-10T01:42:57.875026+00:00
yahoo-ticker:SHY,SHY,2003-10-01,cash_distribution,0.093,2026-10-10T01:42:59.247733+00:00,yfinance-1.5.2:2026-10-10T01:42:59.247733+00:00
yahoo-ticker:TLT,TLT,2003-10-01,cash_distribution,0.367,2026-10-10T01:43:00.768241+00:00,yfinance-1.5.2:2026-10-10T01:43:00.768241+00:00
yahoo-ticker:IEF,IEF,2003-11-03,cash_distribution,0.279,2026-10-10T01:42:57.071590+00:00,yfinance-1.5.2:2026-10-10T01:42:57.071590+00:00
yahoo-ticker:LQD,LQD,2003-11-03,cash_distribution,0.427,2026-10-10T01:42:57.875026+00:00,yfinance-1.5.2:2026-10-10T01:42:57.875026+00:00
yahoo-ticker:SHY,SHY,2003-11-03,cash_distribution,0.111,2026-10-10T01:42:59.247733+00:00,yfinance-1.5.2:2026-10-10T01:42:59.247733+00:00
yahoo-ticker:TLT,TLT,2003-11-03,cash_distribution,0.348,2026-10-10T01:43:00.768241+00:00,yfinance-1.5.2:2026-10-10T01:43:00.768241+00:00
yahoo-ticker:IEF,IEF,2003-12-01,cash_distribution,0.226,2026-10-10T01:42:57.071590+00:00,yfinance-1.5.2:2026-10-10T01:42:57.071590+00:00
yahoo-ticker:LQD,LQD,2003-12-01,cash_distribution,0.442,2026-10-10T01:42:57.875026+00:00,yfinance-1.5.2:2026-10-10T01:42:57.875026+00:00
yahoo-ticker:SHY,SHY,2003-12-01,cash_distribution,0.108,2026-10-10T01:42:59.247733+00:00,yfinance-1.5.2:2026-10-10T01:42:59.247733+00:00
yahoo-ticker:TLT,TLT,2003-12-01,cash_distribution,0.418,2026-10-10T01:43:00.768241+00:00,yfinance-1.5.2:2026-10-10T01:43:00.768241+00:00
yahoo-ticker:IWM,IWM,2003-12-12,cash_distribution,0.1875,2026-10-10T01:42:57.484124+00:00,yfinance-1.5.2:2026-10-10T01:42:57.484124+00:00
yahoo-ticker:EFA,EFA,2003-12-16,cash_distribution,0.156667,2026-10-10T01:42:55.419695+00:00,yfinance-1.5.2:2026-10-10T01:42:55.419695+00:00
yahoo-ticker:IEF,IEF,2003-12-16,cash_distribution,0.84,2026-10-10T01:42:57.071590+00:00,yfinance-1.5.2:2026-10-10T01:42:57.071590+00:00
yahoo-ticker:IWM,IWM,2003-12-16,cash_distribution,0.115,2026-10-10T01:42:57.484124+00:00,yfinance-1.5.2:2026-10-10T01:42:57.484124+00:00
yahoo-ticker:LQD,LQD,2003-12-16,cash_distribution,1.385,2026-10-10T01:42:57.875026+00:00,yfinance-1.5.2:2026-10-10T01:42:57.875026+00:00
yahoo-ticker:SHY,SHY,2003-12-16,cash_distribution,0.335,2026-10-10T01:42:59.247733+00:00,yfinance-1.5.2:2026-10-10T01:42:59.247733+00:00
yahoo-ticker:SPY,SPY,2003-12-19,cash_distribution,0.516,2026-10-10T01:42:59.974995+00:00,yfinance-1.5.2:2026-10-10T01:42:59.974995+00:00
yahoo-ticker:XLB,XLB,2003-12-19,cash_distribution,0.0765,2026-10-10T01:43:03.569166+00:00,yfinance-1.5.2:2026-10-10T01:43:03.569166+00:00
yahoo-ticker:XLE,XLE,2003-12-19,cash_distribution,0.061,2026-10-10T01:43:04.018451+00:00,yfinance-1.5.2:2026-10-10T01:43:04.018451+00:00
yahoo-ticker:XLF,XLF,2003-12-19,cash_distribution,0.133225,2026-10-10T01:43:04.466526+00:00,yfinance-1.5.2:2026-10-10T01:43:04.466526+00:00
yahoo-ticker:XLI,XLI,2003-12-19,cash_distribution,0.13,2026-10-10T01:43:04.894763+00:00,yfinance-1.5.2:2026-10-10T01:43:04.894763+00:00
yahoo-ticker:XLK,XLK,2003-12-19,cash_distribution,0.0705,2026-10-10T01:43:05.330588+00:00,yfinance-1.5.2:2026-10-10T01:43:05.330588+00:00
yahoo-ticker:XLP,XLP,2003-12-19,cash_distribution,0.091,2026-10-10T01:43:05.749242+00:00,yfinance-1.5.2:2026-10-10T01:43:05.749242+00:00
yahoo-ticker:XLU,XLU,2003-12-19,cash_distribution,0.106,2026-10-10T01:43:06.185048+00:00,yfinance-1.5.2:2026-10-10T01:43:06.185048+00:00
yahoo-ticker:XLV,XLV,2003-12-19,cash_distribution,0.103,2026-10-10T01:43:06.570262+00:00,yfinance-1.5.2:2026-10-10T01:43:06.570262+00:00
yahoo-ticker:XLY,XLY,2003-12-19,cash_distribution,0.042,2026-10-10T01:43:07.010195+00:00,yfinance-1.5.2:2026-10-10T01:43:07.010195+00:00
yahoo-ticker:EEM,EEM,2003-12-22,cash_distribution,0.077,2026-10-10T01:42:55.050042+00:00,yfinance-1.5.2:2026-10-10T01:42:55.050042+00:00
yahoo-ticker:EFA,EFA,2003-12-22,cash_distribution,0.522667,2026-10-10T01:42:55.419695+00:00,yfinance-1.5.2:2026-10-10T01:42:55.419695+00:00
yahoo-ticker:EWJ,EWJ,2003-12-22,cash_distribution,0.008,2026-10-10T01:42:55.842554+00:00,yfinance-1.5.2:2026-10-10T01:42:55.842554+00:00
yahoo-ticker:QQQ,QQQ,2003-12-24,cash_distribution,0.014,2026-10-10T01:42:58.808927+00:00,yfinance-1.5.2:2026-10-10T01:42:58.808927+00:00
yahoo-ticker:EEM,EEM,2003-12-31,cash_distribution,0.013444,2026-10-10T01:42:55.050042+00:00,yfinance-1.5.2:2026-10-10T01:42:55.050042+00:00
yahoo-ticker:IEF,IEF,2003-12-31,cash_distribution,0.279,2026-10-10T01:42:57.071590+00:00,yfinance-1.5.2:2026-10-10T01:42:57.071590+00:00
yahoo-ticker:LQD,LQD,2003-12-31,cash_distribution,0.455,2026-10-10T01:42:57.875026+00:00,yfinance-1.5.2:2026-10-10T01:42:57.875026+00:00
yahoo-ticker:SHY,SHY,2003-12-31,cash_distribution,0.116,2026-10-10T01:42:59.247733+00:00,yfinance-1.5.2:2026-10-10T01:42:59.247733+00:00
yahoo-ticker:TIP,TIP,2003-12-31,cash_distribution,0.117,2026-10-10T01:43:00.393852+00:00,yfinance-1.5.2:2026-10-10T01:43:00.393852+00:00
yahoo-ticker:TLT,TLT,2003-12-31,cash_distribution,0.4,2026-10-10T01:43:00.768241+00:00,yfinance-1.5.2:2026-10-10T01:43:00.768241+00:00
yahoo-ticker:IEF,IEF,2004-02-02,cash_distribution,0.255,2026-10-10T01:42:57.071590+00:00,yfinance-1.5.2:2026-10-10T01:42:57.071590+00:00
yahoo-ticker:LQD,LQD,2004-02-02,cash_distribution,0.44,2026-10-10T01:42:57.875026+00:00,yfinance-1.5.2:2026-10-10T01:42:57.875026+00:00
yahoo-ticker:SHY,SHY,2004-02-02,cash_distribution,0.119,2026-10-10T01:42:59.247733+00:00,yfinance-1.5.2:2026-10-10T01:42:59.247733+00:00
yahoo-ticker:TLT,TLT,2004-02-02,cash_distribution,0.358,2026-10-10T01:43:00.768241+00:00,yfinance-1.5.2:2026-10-10T01:43:00.768241+00:00
yahoo-ticker:IEF,IEF,2004-03-01,cash_distribution,0.251,2026-10-10T01:42:57.071590+00:00,yfinance-1.5.2:2026-10-10T01:42:57.071590+00:00
yahoo-ticker:LQD,LQD,2004-03-01,cash_distribution,0.435,2026-10-10T01:42:57.875026+00:00,yfinance-1.5.2:2026-10-10T01:42:57.875026+00:00
yahoo-ticker:SHY,SHY,2004-03-01,cash_distribution,0.113,2026-10-10T01:42:59.247733+00:00,yfinance-1.5.2:2026-10-10T01:42:59.247733+00:00
yahoo-ticker:TLT,TLT,2004-03-01,cash_distribution,0.356,2026-10-10T01:43:00.768241+00:00,yfinance-1.5.2:2026-10-10T01:43:00.768241+00:00
yahoo-ticker:SPY,SPY,2004-03-19,cash_distribution,0.395,2026-10-10T01:42:59.974995+00:00,yfinance-1.5.2:2026-10-10T01:42:59.974995+00:00
yahoo-ticker:XLB,XLB,2004-03-19,cash_distribution,0.0445,2026-10-10T01:43:03.569166+00:00,yfinance-1.5.2:2026-10-10T01:43:03.569166+00:00
yahoo-ticker:XLE,XLE,2004-03-19,cash_distribution,0.0635,2026-10-10T01:43:04.018451+00:00,yfinance-1.5.2:2026-10-10T01:43:04.018451+00:00
yahoo-ticker:XLF,XLF,2004-03-19,cash_distribution,0.108855,2026-10-10T01:43:04.466526+00:00,yfinance-1.5.2:2026-10-10T01:43:04.466526+00:00
yahoo-ticker:XLI,XLI,2004-03-19,cash_distribution,0.091,2026-10-10T01:43:04.894763+00:00,yfinance-1.5.2:2026-10-10T01:43:04.894763+00:00
yahoo-ticker:XLP,XLP,2004-03-19,cash_distribution,0.082,2026-10-10T01:43:05.749242+00:00,yfinance-1.5.2:2026-10-10T01:43:05.749242+00:00
yahoo-ticker:XLU,XLU,2004-03-19,cash_distribution,0.099,2026-10-10T01:43:06.185048+00:00,yfinance-1.5.2:2026-10-10T01:43:06.185048+00:00
yahoo-ticker:XLV,XLV,2004-03-19,cash_distribution,0.075,2026-10-10T01:43:06.570262+00:00,yfinance-1.5.2:2026-10-10T01:43:06.570262+00:00
yahoo-ticker:XLY,XLY,2004-03-19,cash_distribution,0.021,2026-10-10T01:43:07.010195+00:00,yfinance-1.5.2:2026-10-10T01:43:07.010195+00:00
yahoo-ticker:IWM,IWM,2004-03-26,cash_distribution,0.1045,2026-10-10T01:42:57.484124+00:00,yfinance-1.5.2:2026-10-10T01:42:57.484124+00:00
yahoo-ticker:VTV,VTV,2004-03-29,cash_distribution,0.27,2026-10-10T01:43:02.424133+00:00,yfinance-1.5.2:2026-10-10T01:43:02.424133+00:00
yahoo-ticker:VUG,VUG,2004-03-29,cash_distribution,0.015,2026-10-10T01:43:02.762619+00:00,yfinance-1.5.2:2026-10-10T01:43:02.762619+00:00
yahoo-ticker:IEF,IEF,2004-04-01,cash_distribution,0.256,2026-10-10T01:42:57.071590+00:00,yfinance-1.5.2:2026-10-10T01:42:57.071590+00:00
yahoo-ticker:LQD,LQD,2004-04-01,cash_distribution,0.431,2026-10-10T01:42:57.875026+00:00,yfinance-1.5.2:2026-10-10T01:42:57.875026+00:00
yahoo-ticker:SHY,SHY,2004-04-01,cash_distribution,0.12,2026-10-10T01:42:59.247733+00:00,yfinance-1.5.2:2026-10-10T01:42:59.247733+00:00
yahoo-ticker:TIP,TIP,2004-04-01,cash_distribution,0.52,2026-10-10T01:43:00.393852+00:00,yfinance-1.5.2:2026-10-10T01:43:00.393852+00:00
yahoo-ticker:TLT,TLT,2004-04-01,cash_distribution,0.348,2026-10-10T01:43:00.768241+00:00,yfinance-1.5.2:2026-10-10T01:43:00.768241+00:00
yahoo-ticker:IEF,IEF,2004-05-03,cash_distribution,0.268,2026-10-10T01:42:57.071590+00:00,yfinance-1.5.2:2026-10-10T01:42:57.071590+00:00
yahoo-ticker:LQD,LQD,2004-05-03,cash_distribution,0.432,2026-10-10T01:42:57.875026+00:00,yfinance-1.5.2:2026-10-10T01:42:57.875026+00:00
yahoo-ticker:SHY,SHY,2004-05-03,cash_distribution,0.116,2026-10-10T01:42:59.247733+00:00,yfinance-1.5.2:2026-10-10T01:42:59.247733+00:00
yahoo-ticker:TIP,TIP,2004-05-03,cash_distribution,0.544,2026-10-10T01:43:00.393852+00:00,yfinance-1.5.2:2026-10-10T01:43:00.393852+00:00
yahoo-ticker:TLT,TLT,2004-05-03,cash_distribution,0.325,2026-10-10T01:43:00.768241+00:00,yfinance-1.5.2:2026-10-10T01:43:00.768241+00:00
yahoo-ticker:IEF,IEF,2004-06-01,cash_distribution,0.279,2026-10-10T01:42:57.071590+00:00,yfinance-1.5.2:2026-10-10T01:42:57.071590+00:00
yahoo-ticker:LQD,LQD,2004-06-01,cash_distribution,0.436,2026-10-10T01:42:57.875026+00:00,yfinance-1.5.2:2026-10-10T01:42:57.875026+00:00
yahoo-ticker:SHY,SHY,2004-06-01,cash_distribution,0.124,2026-10-10T01:42:59.247733+00:00,yfinance-1.5.2:2026-10-10T01:42:59.247733+00:00
yahoo-ticker:TIP,TIP,2004-06-01,cash_distribution,0.686,2026-10-10T01:43:00.393852+00:00,yfinance-1.5.2:2026-10-10T01:43:00.393852+00:00
yahoo-ticker:TLT,TLT,2004-06-01,cash_distribution,0.322,2026-10-10T01:43:00.768241+00:00,yfinance-1.5.2:2026-10-10T01:43:00.768241+00:00
yahoo-ticker:SPY,SPY,2004-06-18,cash_distribution,0.414,2026-10-10T01:42:59.974995+00:00,yfinance-1.5.2:2026-10-10T01:42:59.974995+00:00
yahoo-ticker:XLB,XLB,2004-06-18,cash_distribution,0.06,2026-10-10T01:43:03.569166+00:00,yfinance-1.5.2:2026-10-10T01:43:03.569166+00:00
yahoo-ticker:XLE,XLE,2004-06-18,cash_distribution,0.062,2026-10-10T01:43:04.018451+00:00,yfinance-1.5.2:2026-10-10T01:43:04.018451+00:00
yahoo-ticker:XLF,XLF,2004-06-18,cash_distribution,0.118603,2026-10-10T01:43:04.466526+00:00,yfinance-1.5.2:2026-10-10T01:43:04.466526+00:00
yahoo-ticker:XLI,XLI,2004-06-18,cash_distribution,0.058,2026-10-10T01:43:04.894763+00:00,yfinance-1.5.2:2026-10-10T01:43:04.894763+00:00
yahoo-ticker:XLP,XLP,2004-06-18,cash_distribution,0.087,2026-10-10T01:43:05.749242+00:00,yfinance-1.5.2:2026-10-10T01:43:05.749242+00:00
yahoo-ticker:XLU,XLU,2004-06-18,cash_distribution,0.1025,2026-10-10T01:43:06.185048+00:00,yfinance-1.5.2:2026-10-10T01:43:06.185048+00:00
yahoo-ticker:XLV,XLV,2004-06-18,cash_distribution,0.086,2026-10-10T01:43:06.570262+00:00,yfinance-1.5.2:2026-10-10T01:43:06.570262+00:00
yahoo-ticker:XLY,XLY,2004-06-18,cash_distribution,0.021,2026-10-10T01:43:07.010195+00:00,yfinance-1.5.2:2026-10-10T01:43:07.010195+00:00
yahoo-ticker:IWM,IWM,2004-06-25,cash_distribution,0.1525,2026-10-10T01:42:57.484124+00:00,yfinance-1.5.2:2026-10-10T01:42:57.484124+00:00
yahoo-ticker:VTV,VTV,2004-06-28,cash_distribution,0.264,2026-10-10T01:43:02.424133+00:00,yfinance-1.5.2:2026-10-10T01:43:02.424133+00:00
yahoo-ticker:VUG,VUG,2004-06-28,cash_distribution,0.011667,2026-10-10T01:43:02.762619+00:00,yfinance-1.5.2:2026-10-10T01:43:02.762619+00:00
yahoo-ticker:IEF,IEF,2004-07-01,cash_distribution,0.273,2026-10-10T01:42:57.071590+00:00,yfinance-1.5.2:2026-10-10T01:42:57.071590+00:00
yahoo-ticker:LQD,LQD,2004-07-01,cash_distribution,0.436,2026-10-10T01:42:57.875026+00:00,yfinance-1.5.2:2026-10-10T01:42:57.875026+00:00
yahoo-ticker:SHY,SHY,2004-07-01,cash_distribution,0.147,2026-10-10T01:42:59.247733+00:00,yfinance-1.5.2:2026-10-10T01:42:59.247733+00:00
yahoo-ticker:TIP,TIP,2004-07-01,cash_distribution,0.412,2026-10-10T01:43:00.393852+00:00,yfinance-1.5.2:2026-10-10T01:43:00.393852+00:00
yahoo-ticker:TLT,TLT,2004-07-01,cash_distribution,0.336,2026-10-10T01:43:00.768241+00:00,yfinance-1.5.2:2026-10-10T01:43:00.768241+00:00
yahoo-ticker:IEF,IEF,2004-08-02,cash_distribution,0.273,2026-10-10T01:42:57.071590+00:00,yfinance-1.5.2:2026-10-10T01:42:57.071590+00:00
yahoo-ticker:LQD,LQD,2004-08-02,cash_distribution,0.433,2026-10-10T01:42:57.875026+00:00,yfinance-1.5.2:2026-10-10T01:42:57.875026+00:00
yahoo-ticker:SHY,SHY,2004-08-02,cash_distribution,0.143,2026-10-10T01:42:59.247733+00:00,yfinance-1.5.2:2026-10-10T01:42:59.247733+00:00
yahoo-ticker:TIP,TIP,2004-08-02,cash_distribution,0.54,2026-10-10T01:43:00.393852+00:00,yfinance-1.5.2:2026-10-10T01:43:00.393852+00:00
yahoo-ticker:TLT,TLT,2004-08-02,cash_distribution,0.33,2026-10-10T01:43:00.768241+00:00,yfinance-1.5.2:2026-10-10T01:43:00.768241+00:00
yahoo-ticker:IEF,IEF,2004-09-01,cash_distribution,0.266,2026-10-10T01:42:57.071590+00:00,yfinance-1.5.2:2026-10-10T01:42:57.071590+00:00
yahoo-ticker:LQD,LQD,2004-09-01,cash_distribution,0.437,2026-10-10T01:42:57.875026+00:00,yfinance-1.5.2:2026-10-10T01:42:57.875026+00:00
yahoo-ticker:SHY,SHY,2004-09-01,cash_distribution,0.132,2026-10-10T01:42:59.247733+00:00,yfinance-1.5.2:2026-10-10T01:42:59.247733+00:00
yahoo-ticker:TIP,TIP,2004-09-01,cash_distribution,0.426,2026-10-10T01:43:00.393852+00:00,yfinance-1.5.2:2026-10-10T01:43:00.393852+00:00
yahoo-ticker:TLT,TLT,2004-09-01,cash_distribution,0.35,2026-10-10T01:43:00.768241+00:00,yfinance-1.5.2:2026-10-10T01:43:00.768241+00:00
yahoo-ticker:SPY,SPY,2004-09-17,cash_distribution,0.469,2026-10-10T01:42:59.974995+00:00,yfinance-1.5.2:2026-10-10T01:42:59.974995+00:00
yahoo-ticker:XLB,XLB,2004-09-17,cash_distribution,0.0625,2026-10-10T01:43:03.569166+00:00,yfinance-1.5.2:2026-10-10T01:43:03.569166+00:00
yahoo-ticker:XLE,XLE,2004-09-17,cash_distribution,0.0665,2026-10-10T01:43:04.018451+00:00,yfinance-1.5.2:2026-10-10T01:43:04.018451+00:00
yahoo-ticker:XLF,XLF,2004-09-17,cash_distribution,0.128351,2026-10-10T01:43:04.466526+00:00,yfinance-1.5.2:2026-10-10T01:43:04.466526+00:00
yahoo-ticker:XLI,XLI,2004-09-17,cash_distribution,0.099,2026-10-10T01:43:04.894763+00:00,yfinance-1.5.2:2026-10-10T01:43:04.894763+00:00
yahoo-ticker:XLP,XLP,2004-09-17,cash_distribution,0.093,2026-10-10T01:43:05.749242+00:00,yfinance-1.5.2:2026-10-10T01:43:05.749242+00:00
yahoo-ticker:XLU,XLU,2004-09-17,cash_distribution,0.1045,2026-10-10T01:43:06.185048+00:00,yfinance-1.5.2:2026-10-10T01:43:06.185048+00:00
yahoo-ticker:XLV,XLV,2004-09-17,cash_distribution,0.089,2026-10-10T01:43:06.570262+00:00,yfinance-1.5.2:2026-10-10T01:43:06.570262+00:00
yahoo-ticker:XLY,XLY,2004-09-17,cash_distribution,0.023,2026-10-10T01:43:07.010195+00:00,yfinance-1.5.2:2026-10-10T01:43:07.010195+00:00
yahoo-ticker:IWM,IWM,2004-09-24,cash_distribution,0.1325,2026-10-10T01:42:57.484124+00:00,yfinance-1.5.2:2026-10-10T01:42:57.484124+00:00
yahoo-ticker:VTV,VTV,2004-09-27,cash_distribution,0.295,2026-10-10T01:43:02.424133+00:00,yfinance-1.5.2:2026-10-10T01:43:02.424133+00:00
yahoo-ticker:VUG,VUG,2004-09-27,cash_distribution,0.014833,2026-10-10T01:43:02.762619+00:00,yfinance-1.5.2:2026-10-10T01:43:02.762619+00:00
yahoo-ticker:IEF,IEF,2004-10-01,cash_distribution,0.257,2026-10-10T01:42:57.071590+00:00,yfinance-1.5.2:2026-10-10T01:42:57.071590+00:00
yahoo-ticker:LQD,LQD,2004-10-01,cash_distribution,0.427,2026-10-10T01:42:57.875026+00:00,yfinance-1.5.2:2026-10-10T01:42:57.875026+00:00
yahoo-ticker:SHY,SHY,2004-10-01,cash_distribution,0.132,2026-10-10T01:42:59.247733+00:00,yfinance-1.5.2:2026-10-10T01:42:59.247733+00:00
yahoo-ticker:TLT,TLT,2004-10-01,cash_distribution,0.361,2026-10-10T01:43:00.768241+00:00,yfinance-1.5.2:2026-10-10T01:43:00.768241+00:00
yahoo-ticker:IEF,IEF,2004-11-01,cash_distribution,0.265,2026-10-10T01:42:57.071590+00:00,yfinance-1.5.2:2026-10-10T01:42:57.071590+00:00
yahoo-ticker:LQD,LQD,2004-11-01,cash_distribution,0.431,2026-10-10T01:42:57.875026+00:00,yfinance-1.5.2:2026-10-10T01:42:57.875026+00:00
yahoo-ticker:SHY,SHY,2004-11-01,cash_distribution,0.138,2026-10-10T01:42:59.247733+00:00,yfinance-1.5.2:2026-10-10T01:42:59.247733+00:00
yahoo-ticker:TIP,TIP,2004-11-01,cash_distribution,0.168,2026-10-10T01:43:00.393852+00:00,yfinance-1.5.2:2026-10-10T01:43:00.393852+00:00
yahoo-ticker:TLT,TLT,2004-11-01,cash_distribution,0.366,2026-10-10T01:43:00.768241+00:00,yfinance-1.5.2:2026-10-10T01:43:00.768241+00:00
yahoo-ticker:SPY,SPY,2004-11-15,cash_distribution,0.351,2026-10-10T01:42:59.974995+00:00,yfinance-1.5.2:2026-10-10T01:42:59.974995+00:00
yahoo-ticker:IEF,IEF,2004-12-01,cash_distribution,0.262,2026-10-10T01:42:57.071590+00:00,yfinance-1.5.2:2026-10-10T01:42:57.071590+00:00
yahoo-ticker:LQD,LQD,2004-12-01,cash_distribution,0.424,2026-10-10T01:42:57.875026+00:00,yfinance-1.5.2:2026-10-10T01:42:57.875026+00:00
yahoo-ticker:SHY,SHY,2004-12-01,cash_distribution,0.145,2026-10-10T01:42:59.247733+00:00,yfinance-1.5.2:2026-10-10T01:42:59.247733+00:00
yahoo-ticker:TIP,TIP,2004-12-01,cash_distribution,0.273,2026-10-10T01:43:00.393852+00:00,yfinance-1.5.2:2026-10-10T01:43:00.393852+00:00
yahoo-ticker:TLT,TLT,2004-12-01,cash_distribution,0.355,2026-10-10T01:43:00.768241+00:00,yfinance-1.5.2:2026-10-10T01:43:00.768241+00:00
yahoo-ticker:QQQ,QQQ,2004-12-17,cash_distribution,0.379,2026-10-10T01:42:58.808927+00:00,yfinance-1.5.2:2026-10-10T01:42:58.808927+00:00
yahoo-ticker:SPY,SPY,2004-12-17,cash_distribution,0.568,2026-10-10T01:42:59.974995+00:00,yfinance-1.5.2:2026-10-10T01:42:59.974995+00:00
yahoo-ticker:XLB,XLB,2004-12-17,cash_distribution,0.086,2026-10-10T01:43:03.569166+00:00,yfinance-1.5.2:2026-10-10T01:43:03.569166+00:00
yahoo-ticker:XLE,XLE,2004-12-17,cash_distribution,0.0655,2026-10-10T01:43:04.018451+00:00,yfinance-1.5.2:2026-10-10T01:43:04.018451+00:00
yahoo-ticker:XLF,XLF,2004-12-17,cash_distribution,0.151909,2026-10-10T01:43:04.466526+00:00,yfinance-1.5.2:2026-10-10T01:43:04.466526+00:00
yahoo-ticker:XLI,XLI,2004-12-17,cash_distribution,0.156,2026-10-10T01:43:04.894763+00:00,yfinance-1.5.2:2026-10-10T01:43:04.894763+00:00
yahoo-ticker:XLK,XLK,2004-12-17,cash_distribution,0.209,2026-10-10T01:43:05.330588+00:00,yfinance-1.5.2:2026-10-10T01:43:05.330588+00:00
yahoo-ticker:XLP,XLP,2004-12-17,cash_distribution,0.095,2026-10-10T01:43:05.749242+00:00,yfinance-1.5.2:2026-10-10T01:43:05.749242+00:00
yahoo-ticker:XLU,XLU,2004-12-17,cash_distribution,0.131,2026-10-10T01:43:06.185048+00:00,yfinance-1.5.2:2026-10-10T01:43:06.185048+00:00
yahoo-ticker:XLV,XLV,2004-12-17,cash_distribution,0.093,2026-10-10T01:43:06.570262+00:00,yfinance-1.5.2:2026-10-10T01:43:06.570262+00:00
yahoo-ticker:XLY,XLY,2004-12-17,cash_distribution,0.054,2026-10-10T01:43:07.010195+00:00,yfinance-1.5.2:2026-10-10T01:43:07.010195+00:00
yahoo-ticker:VNQ,VNQ,2004-12-22,cash_distribution,1.27,2026-10-10T01:43:02.060468+00:00,yfinance-1.5.2:2026-10-10T01:43:02.060468+00:00
yahoo-ticker:EEM,EEM,2004-12-23,cash_distribution,0.268111,2026-10-10T01:42:55.050042+00:00,yfinance-1.5.2:2026-10-10T01:42:55.050042+00:00
yahoo-ticker:EFA,EFA,2004-12-23,cash_distribution,0.803,2026-10-10T01:42:55.419695+00:00,yfinance-1.5.2:2026-10-10T01:42:55.419695+00:00
yahoo-ticker:EWJ,EWJ,2004-12-23,cash_distribution,0.172,2026-10-10T01:42:55.842554+00:00,yfinance-1.5.2:2026-10-10T01:42:55.842554+00:00
yahoo-ticker:IWM,IWM,2004-12-23,cash_distribution,0.2055,2026-10-10T01:42:57.484124+00:00,yfinance-1.5.2:2026-10-10T01:42:57.484124+00:00
yahoo-ticker:VTV,VTV,2004-12-27,cash_distribution,0.392,2026-10-10T01:43:02.424133+00:00,yfinance-1.5.2:2026-10-10T01:43:02.424133+00:00
yahoo-ticker:VUG,VUG,2004-12-27,cash_distribution,0.060667,2026-10-10T01:43:02.762619+00:00,yfinance-1.5.2:2026-10-10T01:43:02.762619+00:00
yahoo-ticker:IEF,IEF,2004-12-31,cash_distribution,0.271,2026-10-10T01:42:57.071590+00:00,yfinance-1.5.2:2026-10-10T01:42:57.071590+00:00
yahoo-ticker:LQD,LQD,2004-12-31,cash_distribution,0.432,2026-10-10T01:42:57.875026+00:00,yfinance-1.5.2:2026-10-10T01:42:57.875026+00:00
yahoo-ticker:SHY,SHY,2004-12-31,cash_distribution,0.154,2026-10-10T01:42:59.247733+00:00,yfinance-1.5.2:2026-10-10T01:42:59.247733+00:00
yahoo-ticker:TIP,TIP,2004-12-31,cash_distribution,0.575,2026-10-10T01:43:00.393852+00:00,yfinance-1.5.2:2026-10-10T01:43:00.393852+00:00
yahoo-ticker:TLT,TLT,2004-12-31,cash_distribution,0.335,2026-10-10T01:43:00.768241+00:00,yfinance-1.5.2:2026-10-10T01:43:00.768241+00:00
yahoo-ticker:IEF,IEF,2005-02-01,cash_distribution,0.261,2026-10-10T01:42:57.071590+00:00,yfinance-1.5.2:2026-10-10T01:42:57.071590+00:00
yahoo-ticker:LQD,LQD,2005-02-01,cash_distribution,0.427,2026-10-10T01:42:57.875026+00:00,yfinance-1.5.2:2026-10-10T01:42:57.875026+00:00
yahoo-ticker:SHY,SHY,2005-02-01,cash_distribution,0.171,2026-10-10T01:42:59.247733+00:00,yfinance-1.5.2:2026-10-10T01:42:59.247733+00:00
yahoo-ticker:TIP,TIP,2005-02-01,cash_distribution,0.162,2026-10-10T01:43:00.393852+00:00,yfinance-1.5.2:2026-10-10T01:43:00.393852+00:00
yahoo-ticker:TLT,TLT,2005-02-01,cash_distribution,0.345,2026-10-10T01:43:00.768241+00:00,yfinance-1.5.2:2026-10-10T01:43:00.768241+00:00
yahoo-ticker:IEF,IEF,2005-03-01,cash_distribution,0.231,2026-10-10T01:42:57.071590+00:00,yfinance-1.5.2:2026-10-10T01:42:57.071590+00:00
yahoo-ticker:LQD,LQD,2005-03-01,cash_distribution,0.429,2026-10-10T01:42:57.875026+00:00,yfinance-1.5.2:2026-10-10T01:42:57.875026+00:00
yahoo-ticker:SHY,SHY,2005-03-01,cash_distribution,0.163,2026-10-10T01:42:59.247733+00:00,yfinance-1.5.2:2026-10-10T01:42:59.247733+00:00
yahoo-ticker:TLT,TLT,2005-03-01,cash_distribution,0.282,2026-10-10T01:43:00.768241+00:00,yfinance-1.5.2:2026-10-10T01:43:00.768241+00:00
yahoo-ticker:SPY,SPY,2005-03-18,cash_distribution,0.467,2026-10-10T01:42:59.974995+00:00,yfinance-1.5.2:2026-10-10T01:42:59.974995+00:00
yahoo-ticker:XLB,XLB,2005-03-18,cash_distribution,0.053,2026-10-10T01:43:03.569166+00:00,yfinance-1.5.2:2026-10-10T01:43:03.569166+00:00
yahoo-ticker:XLE,XLE,2005-03-18,cash_distribution,0.072,2026-10-10T01:43:04.018451+00:00,yfinance-1.5.2:2026-10-10T01:43:04.018451+00:00
yahoo-ticker:XLF,XLF,2005-03-18,cash_distribution,0.125914,2026-10-10T01:43:04.466526+00:00,yfinance-1.5.2:2026-10-10T01:43:04.466526+00:00
yahoo-ticker:XLI,XLI,2005-03-18,cash_distribution,0.107,2026-10-10T01:43:04.894763+00:00,yfinance-1.5.2:2026-10-10T01:43:04.894763+00:00
yahoo-ticker:XLP,XLP,2005-03-18,cash_distribution,0.096,2026-10-10T01:43:05.749242+00:00,yfinance-1.5.2:2026-10-10T01:43:05.749242+00:00
yahoo-ticker:XLU,XLU,2005-03-18,cash_distribution,0.111,2026-10-10T01:43:06.185048+00:00,yfinance-1.5.2:2026-10-10T01:43:06.185048+00:00
yahoo-ticker:XLV,XLV,2005-03-18,cash_distribution,0.101,2026-10-10T01:43:06.570262+00:00,yfinance-1.5.2:2026-10-10T01:43:06.570262+00:00
yahoo-ticker:XLY,XLY,2005-03-18,cash_distribution,0.024,2026-10-10T01:43:07.010195+00:00,yfinance-1.5.2:2026-10-10T01:43:07.010195+00:00
yahoo-ticker:IWM,IWM,2005-03-24,cash_distribution,0.274,2026-10-10T01:42:57.484124+00:00,yfinance-1.5.2:2026-10-10T01:42:57.484124+00:00
yahoo-ticker:VNQ,VNQ,2005-03-24,cash_distribution,0.614,2026-10-10T01:43:02.060468+00:00,yfinance-1.5.2:2026-10-10T01:43:02.060468+00:00
yahoo-ticker:VTV,VTV,2005-03-24,cash_distribution,0.296,2026-10-10T01:43:02.424133+00:00,yfinance-1.5.2:2026-10-10T01:43:02.424133+00:00
yahoo-ticker:VUG,VUG,2005-03-24,cash_distribution,0.018333,2026-10-10T01:43:02.762619+00:00,yfinance-1.5.2:2026-10-10T01:43:02.762619+00:00
yahoo-ticker:IEF,IEF,2005-04-01,cash_distribution,0.279,2026-10-10T01:42:57.071590+00:00,yfinance-1.5.2:2026-10-10T01:42:57.071590+00:00
yahoo-ticker:LQD,LQD,2005-04-01,cash_distribution,0.44,2026-10-10T01:42:57.875026+00:00,yfinance-1.5.2:2026-10-10T01:42:57.875026+00:00
yahoo-ticker:SHY,SHY,2005-04-01,cash_distribution,0.19,2026-10-10T01:42:59.247733+00:00,yfinance-1.5.2:2026-10-10T01:42:59.247733+00:00
yahoo-ticker:TIP,TIP,2005-04-01,cash_distribution,0.297,2026-10-10T01:43:00.393852+00:00,yfinance-1.5.2:2026-10-10T01:43:00.393852+00:00
yahoo-ticker:TLT,TLT,2005-04-01,cash_distribution,0.33,2026-10-10T01:43:00.768241+00:00,yfinance-1.5.2:2026-10-10T01:43:00.768241+00:00
yahoo-ticker:IEF,IEF,2005-05-02,cash_distribution,0.267,2026-10-10T01:42:57.071590+00:00,yfinance-1.5.2:2026-10-10T01:42:57.071590+00:00
yahoo-ticker:LQD,LQD,2005-05-02,cash_distribution,0.428,2026-10-10T01:42:57.875026+00:00,yfinance-1.5.2:2026-10-10T01:42:57.875026+00:00
yahoo-ticker:SHY,SHY,2005-05-02,cash_distribution,0.19,2026-10-10T01:42:59.247733+00:00,yfinance-1.5.2:2026-10-10T01:42:59.247733+00:00
yahoo-ticker:TIP,TIP,2005-05-02,cash_distribution,0.419,2026-10-10T01:43:00.393852+00:00,yfinance-1.5.2:2026-10-10T01:43:00.393852+00:00
yahoo-ticker:TLT,TLT,2005-05-02,cash_distribution,0.33,2026-10-10T01:43:00.768241+00:00,yfinance-1.5.2:2026-10-10T01:43:00.768241+00:00
yahoo-ticker:IEF,IEF,2005-06-01,cash_distribution,0.264,2026-10-10T01:42:57.071590+00:00,yfinance-1.5.2:2026-10-10T01:42:57.071590+00:00
yahoo-ticker:LQD,LQD,2005-06-01,cash_distribution,0.431,2026-10-10T01:42:57.875026+00:00,yfinance-1.5.2:2026-10-10T01:42:57.875026+00:00
yahoo-ticker:SHY,SHY,2005-06-01,cash_distribution,0.19,2026-10-10T01:42:59.247733+00:00,yfinance-1.5.2:2026-10-10T01:42:59.247733+00:00
yahoo-ticker:TIP,TIP,2005-06-01,cash_distribution,0.612,2026-10-10T01:43:00.393852+00:00,yfinance-1.5.2:2026-10-10T01:43:00.393852+00:00
yahoo-ticker:TLT,TLT,2005-06-01,cash_distribution,0.349,2026-10-10T01:43:00.768241+00:00,yfinance-1.5.2:2026-10-10T01:43:00.768241+00:00
yahoo-ticker:EEM,EEM,2005-06-09,stock_split,3.0,2026-10-10T01:42:55.050042+00:00,yfinance-1.5.2:2026-10-10T01:42:55.050042+00:00
yahoo-ticker:EFA,EFA,2005-06-09,stock_split,3.0,2026-10-10T01:42:55.419695+00:00,yfinance-1.5.2:2026-10-10T01:42:55.419695+00:00
yahoo-ticker:IWM,IWM,2005-06-09,stock_split,2.0,2026-10-10T01:42:57.484124+00:00,yfinance-1.5.2:2026-10-10T01:42:57.484124+00:00
yahoo-ticker:QQQ,QQQ,2005-06-17,cash_distribution,0.035,2026-10-10T01:42:58.808927+00:00,yfinance-1.5.2:2026-10-10T01:42:58.808927+00:00
yahoo-ticker:SPY,SPY,2005-06-17,cash_distribution,0.488,2026-10-10T01:42:59.974995+00:00,yfinance-1.5.2:2026-10-10T01:42:59.974995+00:00
yahoo-ticker:XLB,XLB,2005-06-17,cash_distribution,0.0705,2026-10-10T01:43:03.569166+00:00,yfinance-1.5.2:2026-10-10T01:43:03.569166+00:00
yahoo-ticker:XLE,XLE,2005-06-17,cash_distribution,0.0705,2026-10-10T01:43:04.018451+00:00,yfinance-1.5.2:2026-10-10T01:43:04.018451+00:00
yahoo-ticker:XLF,XLF,2005-06-17,cash_distribution,0.142161,2026-10-10T01:43:04.466526+00:00,yfinance-1.5.2:2026-10-10T01:43:04.466526+00:00
yahoo-ticker:XLI,XLI,2005-06-17,cash_distribution,0.075,2026-10-10T01:43:04.894763+00:00,yfinance-1.5.2:2026-10-10T01:43:04.894763+00:00
yahoo-ticker:XLP,XLP,2005-06-17,cash_distribution,0.112,2026-10-10T01:43:05.749242+00:00,yfinance-1.5.2:2026-10-10T01:43:05.749242+00:00
yahoo-ticker:XLU,XLU,2005-06-17,cash_distribution,0.1245,2026-10-10T01:43:06.185048+00:00,yfinance-1.5.2:2026-10-10T01:43:06.185048+00:00
yahoo-ticker:XLV,XLV,2005-06-17,cash_distribution,0.096,2026-10-10T01:43:06.570262+00:00,yfinance-1.5.2:2026-10-10T01:43:06.570262+00:00
yahoo-ticker:XLY,XLY,2005-06-17,cash_distribution,0.0245,2026-10-10T01:43:07.010195+00:00,yfinance-1.5.2:2026-10-10T01:43:07.010195+00:00
yahoo-ticker:IWM,IWM,2005-06-20,cash_distribution,0.146,2026-10-10T01:42:57.484124+00:00,yfinance-1.5.2:2026-10-10T01:42:57.484124+00:00
yahoo-ticker:VNQ,VNQ,2005-06-27,cash_distribution,0.644,2026-10-10T01:43:02.060468+00:00,yfinance-1.5.2:2026-10-10T01:43:02.060468+00:00
yahoo-ticker:VTV,VTV,2005-06-27,cash_distribution,0.321,2026-10-10T01:43:02.424133+00:00,yfinance-1.5.2:2026-10-10T01:43:02.424133+00:00
yahoo-ticker:VUG,VUG,2005-06-27,cash_distribution,0.015167,2026-10-10T01:43:02.762619+00:00,yfinance-1.5.2:2026-10-10T01:43:02.762619+00:00
yahoo-ticker:IEF,IEF,2005-07-01,cash_distribution,0.264,2026-10-10T01:42:57.071590+00:00,yfinance-1.5.2:2026-10-10T01:42:57.071590+00:00
yahoo-ticker:LQD,LQD,2005-07-01,cash_distribution,0.427,2026-10-10T01:42:57.875026+00:00,yfinance-1.5.2:2026-10-10T01:42:57.875026+00:00
yahoo-ticker:SHY,SHY,2005-07-01,cash_distribution,0.186,2026-10-10T01:42:59.247733+00:00,yfinance-1.5.2:2026-10-10T01:42:59.247733+00:00
yahoo-ticker:TIP,TIP,2005-07-01,cash_distribution,0.687,2026-10-10T01:43:00.393852+00:00,yfinance-1.5.2:2026-10-10T01:43:00.393852+00:00
yahoo-ticker:TLT,TLT,2005-07-01,cash_distribution,0.332,2026-10-10T01:43:00.768241+00:00,yfinance-1.5.2:2026-10-10T01:43:00.768241+00:00
yahoo-ticker:IEF,IEF,2005-08-01,cash_distribution,0.271,2026-10-10T01:42:57.071590+00:00,yfinance-1.5.2:2026-10-10T01:42:57.071590+00:00
yahoo-ticker:LQD,LQD,2005-08-01,cash_distribution,0.448,2026-10-10T01:42:57.875026+00:00,yfinance-1.5.2:2026-10-10T01:42:57.875026+00:00
yahoo-ticker:SHY,SHY,2005-08-01,cash_distribution,0.181,2026-10-10T01:42:59.247733+00:00,yfinance-1.5.2:2026-10-10T01:42:59.247733+00:00
yahoo-ticker:TIP,TIP,2005-08-01,cash_distribution,0.673,2026-10-10T01:43:00.393852+00:00,yfinance-1.5.2:2026-10-10T01:43:00.393852+00:00
yahoo-ticker:TLT,TLT,2005-08-01,cash_distribution,0.345,2026-10-10T01:43:00.768241+00:00,yfinance-1.5.2:2026-10-10T01:43:00.768241+00:00
yahoo-ticker:IEF,IEF,2005-09-01,cash_distribution,0.274,2026-10-10T01:42:57.071590+00:00,yfinance-1.5.2:2026-10-10T01:42:57.071590+00:00
yahoo-ticker:LQD,LQD,2005-09-01,cash_distribution,0.455,2026-10-10T01:42:57.875026+00:00,yfinance-1.5.2:2026-10-10T01:42:57.875026+00:00
yahoo-ticker:SHY,SHY,2005-09-01,cash_distribution,0.228,2026-10-10T01:42:59.247733+00:00,yfinance-1.5.2:2026-10-10T01:42:59.247733+00:00
yahoo-ticker:TIP,TIP,2005-09-01,cash_distribution,0.417,2026-10-10T01:43:00.393852+00:00,yfinance-1.5.2:2026-10-10T01:43:00.393852+00:00
yahoo-ticker:TLT,TLT,2005-09-01,cash_distribution,0.334,2026-10-10T01:43:00.768241+00:00,yfinance-1.5.2:2026-10-10T01:43:00.768241+00:00
yahoo-ticker:SPY,SPY,2005-09-16,cash_distribution,0.522,2026-10-10T01:42:59.974995+00:00,yfinance-1.5.2:2026-10-10T01:42:59.974995+00:00
yahoo-ticker:XLB,XLB,2005-09-16,cash_distribution,0.076,2026-10-10T01:43:03.569166+00:00,yfinance-1.5.2:2026-10-10T01:43:03.569166+00:00
yahoo-ticker:XLE,XLE,2005-09-16,cash_distribution,0.074,2026-10-10T01:43:04.018451+00:00,yfinance-1.5.2:2026-10-10T01:43:04.018451+00:00
yahoo-ticker:XLF,XLF,2005-09-16,cash_distribution,0.139724,2026-10-10T01:43:04.466526+00:00,yfinance-1.5.2:2026-10-10T01:43:04.466526+00:00
yahoo-ticker:XLI,XLI,2005-09-16,cash_distribution,0.118,2026-10-10T01:43:04.894763+00:00,yfinance-1.5.2:2026-10-10T01:43:04.894763+00:00
yahoo-ticker:XLP,XLP,2005-09-16,cash_distribution,0.115,2026-10-10T01:43:05.749242+00:00,yfinance-1.5.2:2026-10-10T01:43:05.749242+00:00
yahoo-ticker:XLU,XLU,2005-09-16,cash_distribution,0.1255,2026-10-10T01:43:06.185048+00:00,yfinance-1.5.2:2026-10-10T01:43:06.185048+00:00
yahoo-ticker:XLV,XLV,2005-09-16,cash_distribution,0.096,2026-10-10T01:43:06.570262+00:00,yfinance-1.5.2:2026-10-10T01:43:06.570262+00:00
yahoo-ticker:XLY,XLY,2005-09-16,cash_distribution,0.0295,2026-10-10T01:43:07.010195+00:00,yfinance-1.5.2:2026-10-10T01:43:07.010195+00:00
yahoo-ticker:IWM,IWM,2005-09-23,cash_distribution,0.198,2026-10-10T01:42:57.484124+00:00,yfinance-1.5.2:2026-10-10T01:42:57.484124+00:00
yahoo-ticker:VNQ,VNQ,2005-09-26,cash_distribution,0.676,2026-10-10T01:43:02.060468+00:00,yfinance-1.5.2:2026-10-10T01:43:02.060468+00:00
yahoo-ticker:VTV,VTV,2005-09-26,cash_distribution,0.396,2026-10-10T01:43:02.424133+00:00,yfinance-1.5.2:2026-10-10T01:43:02.424133+00:00
yahoo-ticker:VUG,VUG,2005-09-26,cash_distribution,0.018667,2026-10-10T01:43:02.762619+00:00,yfinance-1.5.2:2026-10-10T01:43:02.762619+00:00
yahoo-ticker:IEF,IEF,2005-10-03,cash_distribution,0.277,2026-10-10T01:42:57.071590+00:00,yfinance-1.5.2:2026-10-10T01:42:57.071590+00:00
yahoo-ticker:LQD,LQD,2005-10-03,cash_distribution,0.436,2026-10-10T01:42:57.875026+00:00,yfinance-1.5.2:2026-10-10T01:42:57.875026+00:00
yahoo-ticker:SHY,SHY,2005-10-03,cash_distribution,0.234,2026-10-10T01:42:59.247733+00:00,yfinance-1.5.2:2026-10-10T01:42:59.247733+00:00
yahoo-ticker:TIP,TIP,2005-10-03,cash_distribution,0.313,2026-10-10T01:43:00.393852+00:00,yfinance-1.5.2:2026-10-10T01:43:00.393852+00:00
yahoo-ticker:TLT,TLT,2005-10-03,cash_distribution,0.362,2026-10-10T01:43:00.768241+00:00,yfinance-1.5.2:2026-10-10T01:43:00.768241+00:00
yahoo-ticker:IEF,IEF,2005-11-01,cash_distribution,0.288,2026-10-10T01:42:57.071590+00:00,yfinance-1.5.2:2026-10-10T01:42:57.071590+00:00
yahoo-ticker:LQD,LQD,2005-11-01,cash_distribution,0.412,2026-10-10T01:42:57.875026+00:00,yfinance-1.5.2:2026-10-10T01:42:57.875026+00:00
yahoo-ticker:SHY,SHY,2005-11-01,cash_distribution,0.232,2026-10-10T01:42:59.247733+00:00,yfinance-1.5.2:2026-10-10T01:42:59.247733+00:00
yahoo-ticker:TIP,TIP,2005-11-01,cash_distribution,0.432,2026-10-10T01:43:00.393852+00:00,yfinance-1.5.2:2026-10-10T01:43:00.393852+00:00
yahoo-ticker:TLT,TLT,2005-11-01,cash_distribution,0.397,2026-10-10T01:43:00.768241+00:00,yfinance-1.5.2:2026-10-10T01:43:00.768241+00:00
yahoo-ticker:IEF,IEF,2005-12-01,cash_distribution,0.283,2026-10-10T01:42:57.071590+00:00,yfinance-1.5.2:2026-10-10T01:42:57.071590+00:00
yahoo-ticker:LQD,LQD,2005-12-01,cash_distribution,0.393,2026-10-10T01:42:57.875026+00:00,yfinance-1.5.2:2026-10-10T01:42:57.875026+00:00
yahoo-ticker:SHY,SHY,2005-12-01,cash_distribution,0.231,2026-10-10T01:42:59.247733+00:00,yfinance-1.5.2:2026-10-10T01:42:59.247733+00:00
yahoo-ticker:TIP,TIP,2005-12-01,cash_distribution,1.19,2026-10-10T01:43:00.393852+00:00,yfinance-1.5.2:2026-10-10T01:43:00.393852+00:00
yahoo-ticker:TLT,TLT,2005-12-01,cash_distribution,0.39,2026-10-10T01:43:00.768241+00:00,yfinance-1.5.2:2026-10-10T01:43:00.768241+00:00
yahoo-ticker:QQQ,QQQ,2005-12-16,cash_distribution,0.101,2026-10-10T01:42:58.808927+00:00,yfinance-1.5.2:2026-10-10T01:42:58.808927+00:00
yahoo-ticker:SPY,SPY,2005-12-16,cash_distribution,0.672,2026-10-10T01:42:59.974995+00:00,yfinance-1.5.2:2026-10-10T01:42:59.974995+00:00
yahoo-ticker:XLB,XLB,2005-12-16,cash_distribution,0.118,2026-10-10T01:43:03.569166+00:00,yfinance-1.5.2:2026-10-10T01:43:03.569166+00:00
yahoo-ticker:XLE,XLE,2005-12-16,cash_distribution,0.0685,2026-10-10T01:43:04.018451+00:00,yfinance-1.5.2:2026-10-10T01:43:04.018451+00:00
yahoo-ticker:XLF,XLF,2005-12-16,cash_distribution,0.168968,2026-10-10T01:43:04.466526+00:00,yfinance-1.5.2:2026-10-10T01:43:04.466526+00:00
yahoo-ticker:XLI,XLI,2005-12-16,cash_distribution,0.19,2026-10-10T01:43:04.894763+00:00,yfinance-1.5.2:2026-10-10T01:43:04.894763+00:00
yahoo-ticker:XLK,XLK,2005-12-16,cash_distribution,0.074,2026-10-10T01:43:05.330588+00:00,yfinance-1.5.2:2026-10-10T01:43:05.330588+00:00
yahoo-ticker:XLP,XLP,2005-12-16,cash_distribution,0.12,2026-10-10T01:43:05.749242+00:00,yfinance-1.5.2:2026-10-10T01:43:05.749242+00:00
yahoo-ticker:XLU,XLU,2005-12-16,cash_distribution,0.144,2026-10-10T01:43:06.185048+00:00,yfinance-1.5.2:2026-10-10T01:43:06.185048+00:00
yahoo-ticker:XLV,XLV,2005-12-16,cash_distribution,0.104,2026-10-10T01:43:06.570262+00:00,yfinance-1.5.2:2026-10-10T01:43:06.570262+00:00
yahoo-ticker:XLY,XLY,2005-12-16,cash_distribution,0.0855,2026-10-10T01:43:07.010195+00:00,yfinance-1.5.2:2026-10-10T01:43:07.010195+00:00
yahoo-ticker:IWM,IWM,2005-12-22,cash_distribution,0.261,2026-10-10T01:42:57.484124+00:00,yfinance-1.5.2:2026-10-10T01:42:57.484124+00:00
yahoo-ticker:EEM,EEM,2005-12-23,cash_distribution,0.329333,2026-10-10T01:42:55.050042+00:00,yfinance-1.5.2:2026-10-10T01:42:55.050042+00:00
yahoo-ticker:EFA,EFA,2005-12-23,cash_distribution,1.11,2026-10-10T01:42:55.419695+00:00,yfinance-1.5.2:2026-10-10T01:42:55.419695+00:00
yahoo-ticker:EWJ,EWJ,2005-12-23,cash_distribution,0.232,2026-10-10T01:42:55.842554+00:00,yfinance-1.5.2:2026-10-10T01:42:55.842554+00:00
yahoo-ticker:VNQ,VNQ,2005-12-27,cash_distribution,1.627,2026-10-10T01:43:02.060468+00:00,yfinance-1.5.2:2026-10-10T01:43:02.060468+00:00
yahoo-ticker:VTV,VTV,2005-12-27,cash_distribution,0.468,2026-10-10T01:43:02.424133+00:00,yfinance-1.5.2:2026-10-10T01:43:02.424133+00:00
yahoo-ticker:VUG,VUG,2005-12-27,cash_distribution,0.0245,2026-10-10T01:43:02.762619+00:00,yfinance-1.5.2:2026-10-10T01:43:02.762619+00:00
yahoo-ticker:VWO,VWO,2005-12-27,cash_distribution,0.5385,2026-10-10T01:43:03.149780+00:00,yfinance-1.5.2:2026-10-10T01:43:03.149780+00:00
yahoo-ticker:IEF,IEF,2005-12-28,cash_distribution,0.292,2026-10-10T01:42:57.071590+00:00,yfinance-1.5.2:2026-10-10T01:42:57.071590+00:00
yahoo-ticker:LQD,LQD,2005-12-28,cash_distribution,0.401,2026-10-10T01:42:57.875026+00:00,yfinance-1.5.2:2026-10-10T01:42:57.875026+00:00
yahoo-ticker:SHY,SHY,2005-12-28,cash_distribution,0.249,2026-10-10T01:42:59.247733+00:00,yfinance-1.5.2:2026-10-10T01:42:59.247733+00:00
yahoo-ticker:TIP,TIP,2005-12-28,cash_distribution,0.376,2026-10-10T01:43:00.393852+00:00,yfinance-1.5.2:2026-10-10T01:43:00.393852+00:00
yahoo-ticker:TLT,TLT,2005-12-28,cash_distribution,0.383,2026-10-10T01:43:00.768241+00:00,yfinance-1.5.2:2026-10-10T01:43:00.768241+00:00
yahoo-ticker:IEF,IEF,2006-02-01,cash_distribution,0.264,2026-10-10T01:42:57.071590+00:00,yfinance-1.5.2:2026-10-10T01:42:57.071590+00:00
yahoo-ticker:LQD,LQD,2006-02-01,cash_distribution,0.409,2026-10-10T01:42:57.875026+00:00,yfinance-1.5.2:2026-10-10T01:42:57.875026+00:00
yahoo-ticker:SHY,SHY,2006-02-01,cash_distribution,0.247,2026-10-10T01:42:59.247733+00:00,yfinance-1.5.2:2026-10-10T01:42:59.247733+00:00
yahoo-ticker:TLT,TLT,2006-02-01,cash_distribution,0.321,2026-10-10T01:43:00.768241+00:00,yfinance-1.5.2:2026-10-10T01:43:00.768241+00:00
yahoo-ticker:IEF,IEF,2006-03-01,cash_distribution,0.267,2026-10-10T01:42:57.071590+00:00,yfinance-1.5.2:2026-10-10T01:42:57.071590+00:00
yahoo-ticker:LQD,LQD,2006-03-01,cash_distribution,0.437,2026-10-10T01:42:57.875026+00:00,yfinance-1.5.2:2026-10-10T01:42:57.875026+00:00
yahoo-ticker:SHY,SHY,2006-03-01,cash_distribution,0.279,2026-10-10T01:42:59.247733+00:00,yfinance-1.5.2:2026-10-10T01:42:59.247733+00:00
yahoo-ticker:TLT,TLT,2006-03-01,cash_distribution,0.32,2026-10-10T01:43:00.768241+00:00,yfinance-1.5.2:2026-10-10T01:43:00.768241+00:00
yahoo-ticker:QQQ,QQQ,2006-03-17,cash_distribution,0.029,2026-10-10T01:42:58.808927+00:00,yfinance-1.5.2:2026-10-10T01:42:58.808927+00:00
yahoo-ticker:SPY,SPY,2006-03-17,cash_distribution,0.519,2026-10-10T01:42:59.974995+00:00,yfinance-1.5.2:2026-10-10T01:42:59.974995+00:00
yahoo-ticker:XLB,XLB,2006-03-17,cash_distribution,0.079,2026-10-10T01:43:03.569166+00:00,yfinance-1.5.2:2026-10-10T01:43:03.569166+00:00
yahoo-ticker:XLE,XLE,2006-03-17,cash_distribution,0.0805,2026-10-10T01:43:04.018451+00:00,yfinance-1.5.2:2026-10-10T01:43:04.018451+00:00
yahoo-ticker:XLF,XLF,2006-03-17,cash_distribution,0.143786,2026-10-10T01:43:04.466526+00:00,yfinance-1.5.2:2026-10-10T01:43:04.466526+00:00
yahoo-ticker:XLI,XLI,2006-03-17,cash_distribution,0.126,2026-10-10T01:43:04.894763+00:00,yfinance-1.5.2:2026-10-10T01:43:04.894763+00:00
yahoo-ticker:XLP,XLP,2006-03-17,cash_distribution,0.126,2026-10-10T01:43:05.749242+00:00,yfinance-1.5.2:2026-10-10T01:43:05.749242+00:00
yahoo-ticker:XLU,XLU,2006-03-17,cash_distribution,0.121,2026-10-10T01:43:06.185048+00:00,yfinance-1.5.2:2026-10-10T01:43:06.185048+00:00
yahoo-ticker:XLV,XLV,2006-03-17,cash_distribution,0.107,2026-10-10T01:43:06.570262+00:00,yfinance-1.5.2:2026-10-10T01:43:06.570262+00:00
yahoo-ticker:XLY,XLY,2006-03-17,cash_distribution,0.0035,2026-10-10T01:43:07.010195+00:00,yfinance-1.5.2:2026-10-10T01:43:07.010195+00:00
yahoo-ticker:VNQ,VNQ,2006-03-20,cash_distribution,0.404,2026-10-10T01:43:02.060468+00:00,yfinance-1.5.2:2026-10-10T01:43:02.060468+00:00
yahoo-ticker:VTV,VTV,2006-03-20,cash_distribution,0.372,2026-10-10T01:43:02.424133+00:00,yfinance-1.5.2:2026-10-10T01:43:02.424133+00:00
yahoo-ticker:VUG,VUG,2006-03-20,cash_distribution,0.024833,2026-10-10T01:43:02.762619+00:00,yfinance-1.5.2:2026-10-10T01:43:02.762619+00:00
yahoo-ticker:IWM,IWM,2006-03-24,cash_distribution,0.169,2026-10-10T01:42:57.484124+00:00,yfinance-1.5.2:2026-10-10T01:42:57.484124+00:00
yahoo-ticker:IEF,IEF,2006-04-03,cash_distribution,0.26,2026-10-10T01:42:57.071590+00:00,yfinance-1.5.2:2026-10-10T01:42:57.071590+00:00
yahoo-ticker:LQD,LQD,2006-04-03,cash_distribution,0.438,2026-10-10T01:42:57.875026+00:00,yfinance-1.5.2:2026-10-10T01:42:57.875026+00:00
yahoo-ticker:SHY,SHY,2006-04-03,cash_distribution,0.266,2026-10-10T01:42:59.247733+00:00,yfinance-1.5.2:2026-10-10T01:42:59.247733+00:00
yahoo-ticker:TIP,TIP,2006-04-03,cash_distribution,0.515,2026-10-10T01:43:00.393852+00:00,yfinance-1.5.2:2026-10-10T01:43:00.393852+00:00
yahoo-ticker:TLT,TLT,2006-04-03,cash_distribution,0.328,2026-10-10T01:43:00.768241+00:00,yfinance-1.5.2:2026-10-10T01:43:00.768241+00:00
yahoo-ticker:IEF,IEF,2006-05-01,cash_distribution,0.294,2026-10-10T01:42:57.071590+00:00,yfinance-1.5.2:2026-10-10T01:42:57.071590+00:00
yahoo-ticker:LQD,LQD,2006-05-01,cash_distribution,0.462,2026-10-10T01:42:57.875026+00:00,yfinance-1.5.2:2026-10-10T01:42:57.875026+00:00
yahoo-ticker:SHY,SHY,2006-05-01,cash_distribution,0.263,2026-10-10T01:42:59.247733+00:00,yfinance-1.5.2:2026-10-10T01:42:59.247733+00:00
yahoo-ticker:TIP,TIP,2006-05-01,cash_distribution,0.495,2026-10-10T01:43:00.393852+00:00,yfinance-1.5.2:2026-10-10T01:43:00.393852+00:00
yahoo-ticker:TLT,TLT,2006-05-01,cash_distribution,0.33,2026-10-10T01:43:00.768241+00:00,yfinance-1.5.2:2026-10-10T01:43:00.768241+00:00
yahoo-ticker:IEF,IEF,2006-06-01,cash_distribution,0.294,2026-10-10T01:42:57.071590+00:00,yfinance-1.5.2:2026-10-10T01:42:57.071590+00:00
yahoo-ticker:LQD,LQD,2006-06-01,cash_distribution,0.431,2026-10-10T01:42:57.875026+00:00,yfinance-1.5.2:2026-10-10T01:42:57.875026+00:00
yahoo-ticker:SHY,SHY,2006-06-01,cash_distribution,0.268,2026-10-10T01:42:59.247733+00:00,yfinance-1.5.2:2026-10-10T01:42:59.247733+00:00
yahoo-ticker:TIP,TIP,2006-06-01,cash_distribution,0.554,2026-10-10T01:43:00.393852+00:00,yfinance-1.5.2:2026-10-10T01:43:00.393852+00:00
yahoo-ticker:TLT,TLT,2006-06-01,cash_distribution,0.332,2026-10-10T01:43:00.768241+00:00,yfinance-1.5.2:2026-10-10T01:43:00.768241+00:00
yahoo-ticker:QQQ,QQQ,2006-06-16,cash_distribution,0.026,2026-10-10T01:42:58.808927+00:00,yfinance-1.5.2:2026-10-10T01:42:58.808927+00:00
yahoo-ticker:SPY,SPY,2006-06-16,cash_distribution,0.555,2026-10-10T01:42:59.974995+00:00,yfinance-1.5.2:2026-10-10T01:42:59.974995+00:00
yahoo-ticker:XLB,XLB,2006-06-16,cash_distribution,0.1035,2026-10-10T01:43:03.569166+00:00,yfinance-1.5.2:2026-10-10T01:43:03.569166+00:00
yahoo-ticker:XLE,XLE,2006-06-16,cash_distribution,0.0985,2026-10-10T01:43:04.018451+00:00,yfinance-1.5.2:2026-10-10T01:43:04.018451+00:00
yahoo-ticker:XLF,XLF,2006-06-16,cash_distribution,0.151909,2026-10-10T01:43:04.466526+00:00,yfinance-1.5.2:2026-10-10T01:43:04.466526+00:00
yahoo-ticker:XLI,XLI,2006-06-16,cash_distribution,0.085,2026-10-10T01:43:04.894763+00:00,yfinance-1.5.2:2026-10-10T01:43:04.894763+00:00
yahoo-ticker:XLP,XLP,2006-06-16,cash_distribution,0.127,2026-10-10T01:43:05.749242+00:00,yfinance-1.5.2:2026-10-10T01:43:05.749242+00:00
yahoo-ticker:XLU,XLU,2006-06-16,cash_distribution,0.1345,2026-10-10T01:43:06.185048+00:00,yfinance-1.5.2:2026-10-10T01:43:06.185048+00:00
yahoo-ticker:XLV,XLV,2006-06-16,cash_distribution,0.111,2026-10-10T01:43:06.570262+00:00,yfinance-1.5.2:2026-10-10T01:43:06.570262+00:00
yahoo-ticker:XLY,XLY,2006-06-16,cash_distribution,0.0355,2026-10-10T01:43:07.010195+00:00,yfinance-1.5.2:2026-10-10T01:43:07.010195+00:00
yahoo-ticker:IWM,IWM,2006-06-22,cash_distribution,0.105,2026-10-10T01:42:57.484124+00:00,yfinance-1.5.2:2026-10-10T01:42:57.484124+00:00
yahoo-ticker:VNQ,VNQ,2006-06-26,cash_distribution,0.678,2026-10-10T01:43:02.060468+00:00,yfinance-1.5.2:2026-10-10T01:43:02.060468+00:00
yahoo-ticker:VTV,VTV,2006-06-26,cash_distribution,0.324,2026-10-10T01:43:02.424133+00:00,yfinance-1.5.2:2026-10-10T01:43:02.424133+00:00
yahoo-ticker:VUG,VUG,2006-06-26,cash_distribution,0.019,2026-10-10T01:43:02.762619+00:00,yfinance-1.5.2:2026-10-10T01:43:02.762619+00:00
yahoo-ticker:IEF,IEF,2006-07-03,cash_distribution,0.312,2026-10-10T01:42:57.071590+00:00,yfinance-1.5.2:2026-10-10T01:42:57.071590+00:00
yahoo-ticker:LQD,LQD,2006-07-03,cash_distribution,0.453,2026-10-10T01:42:57.875026+00:00,yfinance-1.5.2:2026-10-10T01:42:57.875026+00:00
yahoo-ticker:SHY,SHY,2006-07-03,cash_distribution,0.278,2026-10-10T01:42:59.247733+00:00,yfinance-1.5.2:2026-10-10T01:42:59.247733+00:00
yahoo-ticker:TIP,TIP,2006-07-03,cash_distribution,0.556,2026-10-10T01:43:00.393852+00:00,yfinance-1.5.2:2026-10-10T01:43:00.393852+00:00
yahoo-ticker:TLT,TLT,2006-07-03,cash_distribution,0.327,2026-10-10T01:43:00.768241+00:00,yfinance-1.5.2:2026-10-10T01:43:00.768241+00:00
yahoo-ticker:IEF,IEF,2006-08-01,cash_distribution,0.319,2026-10-10T01:42:57.071590+00:00,yfinance-1.5.2:2026-10-10T01:42:57.071590+00:00
yahoo-ticker:LQD,LQD,2006-08-01,cash_distribution,0.456,2026-10-10T01:42:57.875026+00:00,yfinance-1.5.2:2026-10-10T01:42:57.875026+00:00
yahoo-ticker:SHY,SHY,2006-08-01,cash_distribution,0.289,2026-10-10T01:42:59.247733+00:00,yfinance-1.5.2:2026-10-10T01:42:59.247733+00:00
yahoo-ticker:TIP,TIP,2006-08-01,cash_distribution,0.562,2026-10-10T01:43:00.393852+00:00,yfinance-1.5.2:2026-10-10T01:43:00.393852+00:00
yahoo-ticker:TLT,TLT,2006-08-01,cash_distribution,0.342,2026-10-10T01:43:00.768241+00:00,yfinance-1.5.2:2026-10-10T01:43:00.768241+00:00
yahoo-ticker:IEF,IEF,2006-09-01,cash_distribution,0.312,2026-10-10T01:42:57.071590+00:00,yfinance-1.5.2:2026-10-10T01:42:57.071590+00:00
yahoo-ticker:LQD,LQD,2006-09-01,cash_distribution,0.474,2026-10-10T01:42:57.875026+00:00,yfinance-1.5.2:2026-10-10T01:42:57.875026+00:00
yahoo-ticker:SHY,SHY,2006-09-01,cash_distribution,0.291,2026-10-10T01:42:59.247733+00:00,yfinance-1.5.2:2026-10-10T01:42:59.247733+00:00
yahoo-ticker:TIP,TIP,2006-09-01,cash_distribution,0.572,2026-10-10T01:43:00.393852+00:00,yfinance-1.5.2:2026-10-10T01:43:00.393852+00:00
yahoo-ticker:TLT,TLT,2006-09-01,cash_distribution,0.35,2026-10-10T01:43:00.768241+00:00,yfinance-1.5.2:2026-10-10T01:43:00.768241+00:00
yahoo-ticker:QQQ,QQQ,2006-09-15,cash_distribution,0.023,2026-10-10T01:42:58.808927+00:00,yfinance-1.5.2:2026-10-10T01:42:58.808927+00:00
yahoo-ticker:SPY,SPY,2006-09-15,cash_distribution,0.579,2026-10-10T01:42:59.974995+00:00,yfinance-1.5.2:2026-10-10T01:42:59.974995+00:00
yahoo-ticker:XLB,XLB,2006-09-15,cash_distribution,0.0915,2026-10-10T01:43:03.569166+00:00,yfinance-1.5.2:2026-10-10T01:43:03.569166+00:00
yahoo-ticker:XLE,XLE,2006-09-15,cash_distribution,0.0885,2026-10-10T01:43:04.018451+00:00,yfinance-1.5.2:2026-10-10T01:43:04.018451+00:00
yahoo-ticker:XLF,XLF,2006-09-15,cash_distribution,0.157595,2026-10-10T01:43:04.466526+00:00,yfinance-1.5.2:2026-10-10T01:43:04.466526+00:00
yahoo-ticker:XLI,XLI,2006-09-15,cash_distribution,0.138,2026-10-10T01:43:04.894763+00:00,yfinance-1.5.2:2026-10-10T01:43:04.894763+00:00
yahoo-ticker:XLK,XLK,2006-09-15,cash_distribution,0.022,2026-10-10T01:43:05.330588+00:00,yfinance-1.5.2:2026-10-10T01:43:05.330588+00:00
yahoo-ticker:XLP,XLP,2006-09-15,cash_distribution,0.128,2026-10-10T01:43:05.749242+00:00,yfinance-1.5.2:2026-10-10T01:43:05.749242+00:00
yahoo-ticker:XLU,XLU,2006-09-15,cash_distribution,0.136,2026-10-10T01:43:06.185048+00:00,yfinance-1.5.2:2026-10-10T01:43:06.185048+00:00
yahoo-ticker:XLV,XLV,2006-09-15,cash_distribution,0.113,2026-10-10T01:43:06.570262+00:00,yfinance-1.5.2:2026-10-10T01:43:06.570262+00:00
yahoo-ticker:XLY,XLY,2006-09-15,cash_distribution,0.033,2026-10-10T01:43:07.010195+00:00,yfinance-1.5.2:2026-10-10T01:43:07.010195+00:00
yahoo-ticker:VNQ,VNQ,2006-09-25,cash_distribution,0.678,2026-10-10T01:43:02.060468+00:00,yfinance-1.5.2:2026-10-10T01:43:02.060468+00:00
yahoo-ticker:VTV,VTV,2006-09-25,cash_distribution,0.375,2026-10-10T01:43:02.424133+00:00,yfinance-1.5.2:2026-10-10T01:43:02.424133+00:00
yahoo-ticker:VUG,VUG,2006-09-25,cash_distribution,0.018667,2026-10-10T01:43:02.762619+00:00,yfinance-1.5.2:2026-10-10T01:43:02.762619+00:00
yahoo-ticker:IWM,IWM,2006-09-26,cash_distribution,0.231,2026-10-10T01:42:57.484124+00:00,yfinance-1.5.2:2026-10-10T01:42:57.484124+00:00
yahoo-ticker:IEF,IEF,2006-10-02,cash_distribution,0.316,2026-10-10T01:42:57.071590+00:00,yfinance-1.5.2:2026-10-10T01:42:57.071590+00:00
yahoo-ticker:LQD,LQD,2006-10-02,cash_distribution,0.475,2026-10-10T01:42:57.875026+00:00,yfinance-1.5.2:2026-10-10T01:42:57.875026+00:00
yahoo-ticker:SHY,SHY,2006-10-02,cash_distribution,0.294,2026-10-10T01:42:59.247733+00:00,yfinance-1.5.2:2026-10-10T01:42:59.247733+00:00
yahoo-ticker:TIP,TIP,2006-10-02,cash_distribution,0.456,2026-10-10T01:43:00.393852+00:00,yfinance-1.5.2:2026-10-10T01:43:00.393852+00:00
yahoo-ticker:TLT,TLT,2006-10-02,cash_distribution,0.354,2026-10-10T01:43:00.768241+00:00,yfinance-1.5.2:2026-10-10T01:43:00.768241+00:00
yahoo-ticker:IEF,IEF,2006-11-01,cash_distribution,0.308,2026-10-10T01:42:57.071590+00:00,yfinance-1.5.2:2026-10-10T01:42:57.071590+00:00
yahoo-ticker:LQD,LQD,2006-11-01,cash_distribution,0.463,2026-10-10T01:42:57.875026+00:00,yfinance-1.5.2:2026-10-10T01:42:57.875026+00:00
yahoo-ticker:SHY,SHY,2006-11-01,cash_distribution,0.297,2026-10-10T01:42:59.247733+00:00,yfinance-1.5.2:2026-10-10T01:42:59.247733+00:00
yahoo-ticker:TIP,TIP,2006-11-01,cash_distribution,0.563,2026-10-10T01:43:00.393852+00:00,yfinance-1.5.2:2026-10-10T01:43:00.393852+00:00
yahoo-ticker:TLT,TLT,2006-11-01,cash_distribution,0.345,2026-10-10T01:43:00.768241+00:00,yfinance-1.5.2:2026-10-10T01:43:00.768241+00:00
yahoo-ticker:IEF,IEF,2006-12-01,cash_distribution,0.304,2026-10-10T01:42:57.071590+00:00,yfinance-1.5.2:2026-10-10T01:42:57.071590+00:00
yahoo-ticker:LQD,LQD,2006-12-01,cash_distribution,0.447,2026-10-10T01:42:57.875026+00:00,yfinance-1.5.2:2026-10-10T01:42:57.875026+00:00
yahoo-ticker:SHY,SHY,2006-12-01,cash_distribution,0.287,2026-10-10T01:42:59.247733+00:00,yfinance-1.5.2:2026-10-10T01:42:59.247733+00:00
yahoo-ticker:TLT,TLT,2006-12-01,cash_distribution,0.342,2026-10-10T01:43:00.768241+00:00,yfinance-1.5.2:2026-10-10T01:43:00.768241+00:00
yahoo-ticker:QQQ,QQQ,2006-12-15,cash_distribution,0.054,2026-10-10T01:42:58.808927+00:00,yfinance-1.5.2:2026-10-10T01:42:58.808927+00:00
yahoo-ticker:SPY,SPY,2006-12-15,cash_distribution,0.793,2026-10-10T01:42:59.974995+00:00,yfinance-1.5.2:2026-10-10T01:42:59.974995+00:00
yahoo-ticker:XLB,XLB,2006-12-15,cash_distribution,0.192,2026-10-10T01:43:03.569166+00:00,yfinance-1.5.2:2026-10-10T01:43:03.569166+00:00
yahoo-ticker:XLE,XLE,2006-12-15,cash_distribution,0.092,2026-10-10T01:43:04.018451+00:00,yfinance-1.5.2:2026-10-10T01:43:04.018451+00:00
yahoo-ticker:XLF,XLF,2006-12-15,cash_distribution,0.22827,2026-10-10T01:43:04.466526+00:00,yfinance-1.5.2:2026-10-10T01:43:04.466526+00:00
yahoo-ticker:XLI,XLI,2006-12-15,cash_distribution,0.283,2026-10-10T01:43:04.894763+00:00,yfinance-1.5.2:2026-10-10T01:43:04.894763+00:00
yahoo-ticker:XLK,XLK,2006-12-15,cash_distribution,0.0675,2026-10-10T01:43:05.330588+00:00,yfinance-1.5.2:2026-10-10T01:43:05.330588+00:00
yahoo-ticker:XLP,XLP,2006-12-15,cash_distribution,0.132,2026-10-10T01:43:05.749242+00:00,yfinance-1.5.2:2026-10-10T01:43:05.749242+00:00
yahoo-ticker:XLU,XLU,2006-12-15,cash_distribution,0.168,2026-10-10T01:43:06.185048+00:00,yfinance-1.5.2:2026-10-10T01:43:06.185048+00:00
yahoo-ticker:XLV,XLV,2006-12-15,cash_distribution,0.117,2026-10-10T01:43:06.570262+00:00,yfinance-1.5.2:2026-10-10T01:43:06.570262+00:00
yahoo-ticker:XLY,XLY,2006-12-15,cash_distribution,0.069,2026-10-10T01:43:07.010195+00:00,yfinance-1.5.2:2026-10-10T01:43:07.010195+00:00
yahoo-ticker:EEM,EEM,2006-12-20,cash_distribution,0.524333,2026-10-10T01:42:55.050042+00:00,yfinance-1.5.2:2026-10-10T01:42:55.050042+00:00
yahoo-ticker:EWJ,EWJ,2006-12-20,cash_distribution,0.396,2026-10-10T01:42:55.842554+00:00,yfinance-1.5.2:2026-10-10T01:42:55.842554+00:00
yahoo-ticker:IWM,IWM,2006-12-20,cash_distribution,0.329,2026-10-10T01:42:57.484124+00:00,yfinance-1.5.2:2026-10-10T01:42:57.484124+00:00
yahoo-ticker:EFA,EFA,2006-12-21,cash_distribution,1.533,2026-10-10T01:42:55.419695+00:00,yfinance-1.5.2:2026-10-10T01:42:55.419695+00:00
yahoo-ticker:VNQ,VNQ,2006-12-22,cash_distribution,1.494,2026-10-10T01:43:02.060468+00:00,yfinance-1.5.2:2026-10-10T01:43:02.060468+00:00
yahoo-ticker:VTV,VTV,2006-12-22,cash_distribution,0.51,2026-10-10T01:43:02.424133+00:00,yfinance-1.5.2:2026-10-10T01:43:02.424133+00:00
yahoo-ticker:VUG,VUG,2006-12-22,cash_distribution,0.0255,2026-10-10T01:43:02.762619+00:00,yfinance-1.5.2:2026-10-10T01:43:02.762619+00:00
yahoo-ticker:VWO,VWO,2006-12-22,cash_distribution,0.6695,2026-10-10T01:43:03.149780+00:00,yfinance-1.5.2:2026-10-10T01:43:03.149780+00:00
yahoo-ticker:IEF,IEF,2006-12-27,cash_distribution,0.239,2026-10-10T01:42:57.071590+00:00,yfinance-1.5.2:2026-10-10T01:42:57.071590+00:00
yahoo-ticker:LQD,LQD,2006-12-27,cash_distribution,0.427,2026-10-10T01:42:57.875026+00:00,yfinance-1.5.2:2026-10-10T01:42:57.875026+00:00
yahoo-ticker:SHY,SHY,2006-12-27,cash_distribution,0.246,2026-10-10T01:42:59.247733+00:00,yfinance-1.5.2:2026-10-10T01:42:59.247733+00:00
yahoo-ticker:TLT,TLT,2006-12-27,cash_distribution,0.303,2026-10-10T01:43:00.768241+00:00,yfinance-1.5.2:2026-10-10T01:43:00.768241+00:00
yahoo-ticker:IEF,IEF,2007-02-01,cash_distribution,0.311,2026-10-10T01:42:57.071590+00:00,yfinance-1.5.2:2026-10-10T01:42:57.071590+00:00
yahoo-ticker:LQD,LQD,2007-02-01,cash_distribution,0.457,2026-10-10T01:42:57.875026+00:00,yfinance-1.5.2:2026-10-10T01:42:57.875026+00:00
yahoo-ticker:SHY,SHY,2007-02-01,cash_distribution,0.3,2026-10-10T01:42:59.247733+00:00,yfinance-1.5.2:2026-10-10T01:42:59.247733+00:00
yahoo-ticker:TLT,TLT,2007-02-01,cash_distribution,0.355,2026-10-10T01:43:00.768241+00:00,yfinance-1.5.2:2026-10-10T01:43:00.768241+00:00
yahoo-ticker:IEF,IEF,2007-03-01,cash_distribution,0.275,2026-10-10T01:42:57.071590+00:00,yfinance-1.5.2:2026-10-10T01:42:57.071590+00:00
yahoo-ticker:LQD,LQD,2007-03-01,cash_distribution,0.451,2026-10-10T01:42:57.875026+00:00,yfinance-1.5.2:2026-10-10T01:42:57.875026+00:00
yahoo-ticker:SHY,SHY,2007-03-01,cash_distribution,0.271,2026-10-10T01:42:59.247733+00:00,yfinance-1.5.2:2026-10-10T01:42:59.247733+00:00
yahoo-ticker:TIP,TIP,2007-03-01,cash_distribution,0.278,2026-10-10T01:43:00.393852+00:00,yfinance-1.5.2:2026-10-10T01:43:00.393852+00:00
yahoo-ticker:TLT,TLT,2007-03-01,cash_distribution,0.343,2026-10-10T01:43:00.768241+00:00,yfinance-1.5.2:2026-10-10T01:43:00.768241+00:00
yahoo-ticker:QQQ,QQQ,2007-03-16,cash_distribution,0.027,2026-10-10T01:42:58.808927+00:00,yfinance-1.5.2:2026-10-10T01:42:58.808927+00:00
yahoo-ticker:SPY,SPY,2007-03-16,cash_distribution,0.551,2026-10-10T01:42:59.974995+00:00,yfinance-1.5.2:2026-10-10T01:42:59.974995+00:00
yahoo-ticker:XLB,XLB,2007-03-16,cash_distribution,0.024,2026-10-10T01:43:03.569166+00:00,yfinance-1.5.2:2026-10-10T01:43:03.569166+00:00
yahoo-ticker:XLE,XLE,2007-03-16,cash_distribution,0.0935,2026-10-10T01:43:04.018451+00:00,yfinance-1.5.2:2026-10-10T01:43:04.018451+00:00
yahoo-ticker:XLF,XLF,2007-03-16,cash_distribution,0.120227,2026-10-10T01:43:04.466526+00:00,yfinance-1.5.2:2026-10-10T01:43:04.466526+00:00
yahoo-ticker:XLI,XLI,2007-03-16,cash_distribution,0.076,2026-10-10T01:43:04.894763+00:00,yfinance-1.5.2:2026-10-10T01:43:04.894763+00:00
yahoo-ticker:XLP,XLP,2007-03-16,cash_distribution,0.129,2026-10-10T01:43:05.749242+00:00,yfinance-1.5.2:2026-10-10T01:43:05.749242+00:00
yahoo-ticker:XLU,XLU,2007-03-16,cash_distribution,0.104,2026-10-10T01:43:06.185048+00:00,yfinance-1.5.2:2026-10-10T01:43:06.185048+00:00
yahoo-ticker:XLV,XLV,2007-03-16,cash_distribution,0.124,2026-10-10T01:43:06.570262+00:00,yfinance-1.5.2:2026-10-10T01:43:06.570262+00:00
yahoo-ticker:XLY,XLY,2007-03-16,cash_distribution,0.034,2026-10-10T01:43:07.010195+00:00,yfinance-1.5.2:2026-10-10T01:43:07.010195+00:00
yahoo-ticker:IWM,IWM,2007-03-23,cash_distribution,0.154,2026-10-10T01:42:57.484124+00:00,yfinance-1.5.2:2026-10-10T01:42:57.484124+00:00
yahoo-ticker:VNQ,VNQ,2007-03-26,cash_distribution,0.467,2026-10-10T01:43:02.060468+00:00,yfinance-1.5.2:2026-10-10T01:43:02.060468+00:00
yahoo-ticker:VTV,VTV,2007-03-26,cash_distribution,0.427,2026-10-10T01:43:02.424133+00:00,yfinance-1.5.2:2026-10-10T01:43:02.424133+00:00
yahoo-ticker:VUG,VUG,2007-03-26,cash_distribution,0.022333,2026-10-10T01:43:02.762619+00:00,yfinance-1.5.2:2026-10-10T01:43:02.762619+00:00
yahoo-ticker:IEF,IEF,2007-04-02,cash_distribution,0.322,2026-10-10T01:42:57.071590+00:00,yfinance-1.5.2:2026-10-10T01:42:57.071590+00:00
yahoo-ticker:LQD,LQD,2007-04-02,cash_distribution,0.492,2026-10-10T01:42:57.875026+00:00,yfinance-1.5.2:2026-10-10T01:42:57.875026+00:00
yahoo-ticker:MBB,MBB,2007-04-02,cash_distribution,0.235,2026-10-10T01:42:58.253414+00:00,yfinance-1.5.2:2026-10-10T01:42:58.253414+00:00
yahoo-ticker:SHY,SHY,2007-04-02,cash_distribution,0.295,2026-10-10T01:42:59.247733+00:00,yfinance-1.5.2:2026-10-10T01:42:59.247733+00:00
yahoo-ticker:TIP,TIP,2007-04-02,cash_distribution,0.369,2026-10-10T01:43:00.393852+00:00,yfinance-1.5.2:2026-10-10T01:43:00.393852+00:00
yahoo-ticker:TLT,TLT,2007-04-02,cash_distribution,0.326,2026-10-10T01:43:00.768241+00:00,yfinance-1.5.2:2026-10-10T01:43:00.768241+00:00
yahoo-ticker:HYG,HYG,2007-05-01,cash_distribution,0.293,2026-10-10T01:42:56.450321+00:00,yfinance-1.5.2:2026-10-10T01:42:56.450321+00:00
yahoo-ticker:IEF,IEF,2007-05-01,cash_distribution,0.314,2026-10-10T01:42:57.071590+00:00,yfinance-1.5.2:2026-10-10T01:42:57.071590+00:00
yahoo-ticker:LQD,LQD,2007-05-01,cash_distribution,0.48,2026-10-10T01:42:57.875026+00:00,yfinance-1.5.2:2026-10-10T01:42:57.875026+00:00
yahoo-ticker:MBB,MBB,2007-05-01,cash_distribution,0.443,2026-10-10T01:42:58.253414+00:00,yfinance-1.5.2:2026-10-10T01:42:58.253414+00:00
yahoo-ticker:SHY,SHY,2007-05-01,cash_distribution,0.286,2026-10-10T01:42:59.247733+00:00,yfinance-1.5.2:2026-10-10T01:42:59.247733+00:00
yahoo-ticker:TIP,TIP,2007-05-01,cash_distribution,0.386,2026-10-10T01:43:00.393852+00:00,yfinance-1.5.2:2026-10-10T01:43:00.393852+00:00
yahoo-ticker:TLT,TLT,2007-05-01,cash_distribution,0.324,2026-10-10T01:43:00.768241+00:00,yfinance-1.5.2:2026-10-10T01:43:00.768241+00:00
yahoo-ticker:HYG,HYG,2007-06-01,cash_distribution,0.586,2026-10-10T01:42:56.450321+00:00,yfinance-1.5.2:2026-10-10T01:42:56.450321+00:00
yahoo-ticker:IEF,IEF,2007-06-01,cash_distribution,0.329,2026-10-10T01:42:57.071590+00:00,yfinance-1.5.2:2026-10-10T01:42:57.071590+00:00
yahoo-ticker:LQD,LQD,2007-06-01,cash_distribution,0.496,2026-10-10T01:42:57.875026+00:00,yfinance-1.5.2:2026-10-10T01:42:57.875026+00:00
yahoo-ticker:MBB,MBB,2007-06-01,cash_distribution,0.456,2026-10-10T01:42:58.253414+00:00,yfinance-1.5.2:2026-10-10T01:42:58.253414+00:00
yahoo-ticker:SHY,SHY,2007-06-01,cash_distribution,0.289,2026-10-10T01:42:59.247733+00:00,yfinance-1.5.2:2026-10-10T01:42:59.247733+00:00
yahoo-ticker:TIP,TIP,2007-06-01,cash_distribution,0.447,2026-10-10T01:43:00.393852+00:00,yfinance-1.5.2:2026-10-10T01:43:00.393852+00:00
yahoo-ticker:TLT,TLT,2007-06-01,cash_distribution,0.338,2026-10-10T01:43:00.768241+00:00,yfinance-1.5.2:2026-10-10T01:43:00.768241+00:00
yahoo-ticker:QQQ,QQQ,2007-06-15,cash_distribution,0.037,2026-10-10T01:42:58.808927+00:00,yfinance-1.5.2:2026-10-10T01:42:58.808927+00:00
yahoo-ticker:SPY,SPY,2007-06-15,cash_distribution,0.656,2026-10-10T01:42:59.974995+00:00,yfinance-1.5.2:2026-10-10T01:42:59.974995+00:00
yahoo-ticker:XLB,XLB,2007-06-15,cash_distribution,0.0915,2026-10-10T01:43:03.569166+00:00,yfinance-1.5.2:2026-10-10T01:43:03.569166+00:00
yahoo-ticker:XLE,XLE,2007-06-15,cash_distribution,0.1015,2026-10-10T01:43:04.018451+00:00,yfinance-1.5.2:2026-10-10T01:43:04.018451+00:00
yahoo-ticker:XLF,XLF,2007-06-15,cash_distribution,0.165719,2026-10-10T01:43:04.466526+00:00,yfinance-1.5.2:2026-10-10T01:43:04.466526+00:00
yahoo-ticker:XLI,XLI,2007-06-15,cash_distribution,0.101,2026-10-10T01:43:04.894763+00:00,yfinance-1.5.2:2026-10-10T01:43:04.894763+00:00
yahoo-ticker:XLK,XLK,2007-06-15,cash_distribution,0.009,2026-10-10T01:43:05.330588+00:00,yfinance-1.5.2:2026-10-10T01:43:05.330588+00:00
yahoo-ticker:XLP,XLP,2007-06-15,cash_distribution,0.169,2026-10-10T01:43:05.749242+00:00,yfinance-1.5.2:2026-10-10T01:43:05.749242+00:00
yahoo-ticker:XLU,XLU,2007-06-15,cash_distribution,0.138,2026-10-10T01:43:06.185048+00:00,yfinance-1.5.2:2026-10-10T01:43:06.185048+00:00
yahoo-ticker:XLV,XLV,2007-06-15,cash_distribution,0.193,2026-10-10T01:43:06.570262+00:00,yfinance-1.5.2:2026-10-10T01:43:06.570262+00:00
yahoo-ticker:XLY,XLY,2007-06-15,cash_distribution,0.035,2026-10-10T01:43:07.010195+00:00,yfinance-1.5.2:2026-10-10T01:43:07.010195+00:00
yahoo-ticker:VNQ,VNQ,2007-06-25,cash_distribution,0.892,2026-10-10T01:43:02.060468+00:00,yfinance-1.5.2:2026-10-10T01:43:02.060468+00:00
yahoo-ticker:VTV,VTV,2007-06-25,cash_distribution,0.378,2026-10-10T01:43:02.424133+00:00,yfinance-1.5.2:2026-10-10T01:43:02.424133+00:00
yahoo-ticker:VUG,VUG,2007-06-25,cash_distribution,0.0255,2026-10-10T01:43:02.762619+00:00,yfinance-1.5.2:2026-10-10T01:43:02.762619+00:00
yahoo-ticker:IWM,IWM,2007-06-28,cash_distribution,0.159,2026-10-10T01:42:57.484124+00:00,yfinance-1.5.2:2026-10-10T01:42:57.484124+00:00
yahoo-ticker:BIL,BIL,2007-07-02,cash_distribution,0.406,2026-10-10T01:42:54.346149+00:00,yfinance-1.5.2:2026-10-10T01:42:54.346149+00:00
yahoo-ticker:HYG,HYG,2007-07-02,cash_distribution,0.603,2026-10-10T01:42:56.450321+00:00,yfinance-1.5.2:2026-10-10T01:42:56.450321+00:00
yahoo-ticker:IEF,IEF,2007-07-02,cash_distribution,0.313,2026-10-10T01:42:57.071590+00:00,yfinance-1.5.2:2026-10-10T01:42:57.071590+00:00
yahoo-ticker:LQD,LQD,2007-07-02,cash_distribution,0.472,2026-10-10T01:42:57.875026+00:00,yfinance-1.5.2:2026-10-10T01:42:57.875026+00:00
yahoo-ticker:MBB,MBB,2007-07-02,cash_distribution,0.395,2026-10-10T01:42:58.253414+00:00,yfinance-1.5.2:2026-10-10T01:42:58.253414+00:00
yahoo-ticker:SHY,SHY,2007-07-02,cash_distribution,0.302,2026-10-10T01:42:59.247733+00:00,yfinance-1.5.2:2026-10-10T01:42:59.247733+00:00
yahoo-ticker:TIP,TIP,2007-07-02,cash_distribution,0.437,2026-10-10T01:43:00.393852+00:00,yfinance-1.5.2:2026-10-10T01:43:00.393852+00:00
yahoo-ticker:TLT,TLT,2007-07-02,cash_distribution,0.326,2026-10-10T01:43:00.768241+00:00,yfinance-1.5.2:2026-10-10T01:43:00.768241+00:00
yahoo-ticker:BIL,BIL,2007-08-01,cash_distribution,0.37,2026-10-10T01:42:54.346149+00:00,yfinance-1.5.2:2026-10-10T01:42:54.346149+00:00
yahoo-ticker:HYG,HYG,2007-08-01,cash_distribution,0.63,2026-10-10T01:42:56.450321+00:00,yfinance-1.5.2:2026-10-10T01:42:56.450321+00:00
yahoo-ticker:IEF,IEF,2007-08-01,cash_distribution,0.322,2026-10-10T01:42:57.071590+00:00,yfinance-1.5.2:2026-10-10T01:42:57.071590+00:00
yahoo-ticker:LQD,LQD,2007-08-01,cash_distribution,0.492,2026-10-10T01:42:57.875026+00:00,yfinance-1.5.2:2026-10-10T01:42:57.875026+00:00
yahoo-ticker:MBB,MBB,2007-08-01,cash_distribution,0.436,2026-10-10T01:42:58.253414+00:00,yfinance-1.5.2:2026-10-10T01:42:58.253414+00:00
yahoo-ticker:SHY,SHY,2007-08-01,cash_distribution,0.302,2026-10-10T01:42:59.247733+00:00,yfinance-1.5.2:2026-10-10T01:42:59.247733+00:00
yahoo-ticker:TIP,TIP,2007-08-01,cash_distribution,0.445,2026-10-10T01:43:00.393852+00:00,yfinance-1.5.2:2026-10-10T01:43:00.393852+00:00
yahoo-ticker:TLT,TLT,2007-08-01,cash_distribution,0.341,2026-10-10T01:43:00.768241+00:00,yfinance-1.5.2:2026-10-10T01:43:00.768241+00:00
yahoo-ticker:BIL,BIL,2007-09-04,cash_distribution,0.354,2026-10-10T01:42:54.346149+00:00,yfinance-1.5.2:2026-10-10T01:42:54.346149+00:00
yahoo-ticker:HYG,HYG,2007-09-04,cash_distribution,0.623,2026-10-10T01:42:56.450321+00:00,yfinance-1.5.2:2026-10-10T01:42:56.450321+00:00
yahoo-ticker:IEF,IEF,2007-09-04,cash_distribution,0.334,2026-10-10T01:42:57.071590+00:00,yfinance-1.5.2:2026-10-10T01:42:57.071590+00:00
yahoo-ticker:LQD,LQD,2007-09-04,cash_distribution,0.488,2026-10-10T01:42:57.875026+00:00,yfinance-1.5.2:2026-10-10T01:42:57.875026+00:00
yahoo-ticker:MBB,MBB,2007-09-04,cash_distribution,0.396,2026-10-10T01:42:58.253414+00:00,yfinance-1.5.2:2026-10-10T01:42:58.253414+00:00
yahoo-ticker:SHY,SHY,2007-09-04,cash_distribution,0.306,2026-10-10T01:42:59.247733+00:00,yfinance-1.5.2:2026-10-10T01:42:59.247733+00:00
yahoo-ticker:TIP,TIP,2007-09-04,cash_distribution,0.44,2026-10-10T01:43:00.393852+00:00,yfinance-1.5.2:2026-10-10T01:43:00.393852+00:00
yahoo-ticker:TLT,TLT,2007-09-04,cash_distribution,0.362,2026-10-10T01:43:00.768241+00:00,yfinance-1.5.2:2026-10-10T01:43:00.768241+00:00
yahoo-ticker:QQQ,QQQ,2007-09-21,cash_distribution,0.026,2026-10-10T01:42:58.808927+00:00,yfinance-1.5.2:2026-10-10T01:42:58.808927+00:00
yahoo-ticker:SPY,SPY,2007-09-21,cash_distribution,0.719,2026-10-10T01:42:59.974995+00:00,yfinance-1.5.2:2026-10-10T01:42:59.974995+00:00
yahoo-ticker:XLB,XLB,2007-09-21,cash_distribution,0.095,2026-10-10T01:43:03.569166+00:00,yfinance-1.5.2:2026-10-10T01:43:03.569166+00:00
yahoo-ticker:XLE,XLE,2007-09-21,cash_distribution,0.099,2026-10-10T01:43:04.018451+00:00,yfinance-1.5.2:2026-10-10T01:43:04.018451+00:00
yahoo-ticker:XLF,XLF,2007-09-21,cash_distribution,0.207149,2026-10-10T01:43:04.466526+00:00,yfinance-1.5.2:2026-10-10T01:43:04.466526+00:00
yahoo-ticker:XLI,XLI,2007-09-21,cash_distribution,0.204,2026-10-10T01:43:04.894763+00:00,yfinance-1.5.2:2026-10-10T01:43:04.894763+00:00
yahoo-ticker:XLK,XLK,2007-09-21,cash_distribution,0.0265,2026-10-10T01:43:05.330588+00:00,yfinance-1.5.2:2026-10-10T01:43:05.330588+00:00
yahoo-ticker:XLP,XLP,2007-09-21,cash_distribution,0.154,2026-10-10T01:43:05.749242+00:00,yfinance-1.5.2:2026-10-10T01:43:05.749242+00:00
yahoo-ticker:XLU,XLU,2007-09-21,cash_distribution,0.142,2026-10-10T01:43:06.185048+00:00,yfinance-1.5.2:2026-10-10T01:43:06.185048+00:00
yahoo-ticker:XLV,XLV,2007-09-21,cash_distribution,0.123,2026-10-10T01:43:06.570262+00:00,yfinance-1.5.2:2026-10-10T01:43:06.570262+00:00
yahoo-ticker:XLY,XLY,2007-09-21,cash_distribution,0.0365,2026-10-10T01:43:07.010195+00:00,yfinance-1.5.2:2026-10-10T01:43:07.010195+00:00
yahoo-ticker:VNQ,VNQ,2007-09-24,cash_distribution,0.738,2026-10-10T01:43:02.060468+00:00,yfinance-1.5.2:2026-10-10T01:43:02.060468+00:00
yahoo-ticker:VTV,VTV,2007-09-24,cash_distribution,0.46,2026-10-10T01:43:02.424133+00:00,yfinance-1.5.2:2026-10-10T01:43:02.424133+00:00
yahoo-ticker:VUG,VUG,2007-09-24,cash_distribution,0.025667,2026-10-10T01:43:02.762619+00:00,yfinance-1.5.2:2026-10-10T01:43:02.762619+00:00
yahoo-ticker:IWM,IWM,2007-09-25,cash_distribution,0.195,2026-10-10T01:42:57.484124+00:00,yfinance-1.5.2:2026-10-10T01:42:57.484124+00:00
yahoo-ticker:BIL,BIL,2007-10-01,cash_distribution,0.32,2026-10-10T01:42:54.346149+00:00,yfinance-1.5.2:2026-10-10T01:42:54.346149+00:00
yahoo-ticker:HYG,HYG,2007-10-01,cash_distribution,0.645,2026-10-10T01:42:56.450321+00:00,yfinance-1.5.2:2026-10-10T01:42:56.450321+00:00
yahoo-ticker:IEF,IEF,2007-10-01,cash_distribution,0.31,2026-10-10T01:42:57.071590+00:00,yfinance-1.5.2:2026-10-10T01:42:57.071590+00:00
yahoo-ticker:LQD,LQD,2007-10-01,cash_distribution,0.483,2026-10-10T01:42:57.875026+00:00,yfinance-1.5.2:2026-10-10T01:42:57.875026+00:00
yahoo-ticker:MBB,MBB,2007-10-01,cash_distribution,0.394,2026-10-10T01:42:58.253414+00:00,yfinance-1.5.2:2026-10-10T01:42:58.253414+00:00
yahoo-ticker:SHY,SHY,2007-10-01,cash_distribution,0.297,2026-10-10T01:42:59.247733+00:00,yfinance-1.5.2:2026-10-10T01:42:59.247733+00:00
yahoo-ticker:TIP,TIP,2007-10-01,cash_distribution,0.415,2026-10-10T01:43:00.393852+00:00,yfinance-1.5.2:2026-10-10T01:43:00.393852+00:00
yahoo-ticker:TLT,TLT,2007-10-01,cash_distribution,0.345,2026-10-10T01:43:00.768241+00:00,yfinance-1.5.2:2026-10-10T01:43:00.768241+00:00
yahoo-ticker:BIL,BIL,2007-11-01,cash_distribution,0.302,2026-10-10T01:42:54.346149+00:00,yfinance-1.5.2:2026-10-10T01:42:54.346149+00:00
yahoo-ticker:HYG,HYG,2007-11-01,cash_distribution,0.68,2026-10-10T01:42:56.450321+00:00,yfinance-1.5.2:2026-10-10T01:42:56.450321+00:00
yahoo-ticker:IEF,IEF,2007-11-01,cash_distribution,0.297,2026-10-10T01:42:57.071590+00:00,yfinance-1.5.2:2026-10-10T01:42:57.071590+00:00
yahoo-ticker:LQD,LQD,2007-11-01,cash_distribution,0.476,2026-10-10T01:42:57.875026+00:00,yfinance-1.5.2:2026-10-10T01:42:57.875026+00:00
yahoo-ticker:MBB,MBB,2007-11-01,cash_distribution,0.411,2026-10-10T01:42:58.253414+00:00,yfinance-1.5.2:2026-10-10T01:42:58.253414+00:00
yahoo-ticker:SHY,SHY,2007-11-01,cash_distribution,0.303,2026-10-10T01:42:59.247733+00:00,yfinance-1.5.2:2026-10-10T01:42:59.247733+00:00
yahoo-ticker:TIP,TIP,2007-11-01,cash_distribution,0.32,2026-10-10T01:43:00.393852+00:00,yfinance-1.5.2:2026-10-10T01:43:00.393852+00:00
yahoo-ticker:TLT,TLT,2007-11-01,cash_distribution,0.394,2026-10-10T01:43:00.768241+00:00,yfinance-1.5.2:2026-10-10T01:43:00.768241+00:00
yahoo-ticker:BIL,BIL,2007-12-03,cash_distribution,0.278,2026-10-10T01:42:54.346149+00:00,yfinance-1.5.2:2026-10-10T01:42:54.346149+00:00
yahoo-ticker:HYG,HYG,2007-12-03,cash_distribution,0.642,2026-10-10T01:42:56.450321+00:00,yfinance-1.5.2:2026-10-10T01:42:56.450321+00:00
yahoo-ticker:IEF,IEF,2007-12-03,cash_distribution,0.295,2026-10-10T01:42:57.071590+00:00,yfinance-1.5.2:2026-10-10T01:42:57.071590+00:00
yahoo-ticker:LQD,LQD,2007-12-03,cash_distribution,0.457,2026-10-10T01:42:57.875026+00:00,yfinance-1.5.2:2026-10-10T01:42:57.875026+00:00
yahoo-ticker:MBB,MBB,2007-12-03,cash_distribution,0.387,2026-10-10T01:42:58.253414+00:00,yfinance-1.5.2:2026-10-10T01:42:58.253414+00:00
yahoo-ticker:SHY,SHY,2007-12-03,cash_distribution,0.276,2026-10-10T01:42:59.247733+00:00,yfinance-1.5.2:2026-10-10T01:42:59.247733+00:00
yahoo-ticker:TIP,TIP,2007-12-03,cash_distribution,0.425,2026-10-10T01:43:00.393852+00:00,yfinance-1.5.2:2026-10-10T01:43:00.393852+00:00
yahoo-ticker:TLT,TLT,2007-12-03,cash_distribution,0.376,2026-10-10T01:43:00.768241+00:00,yfinance-1.5.2:2026-10-10T01:43:00.768241+00:00
yahoo-ticker:DBA,DBA,2007-12-17,cash_distribution,0.45,2026-10-10T01:42:54.687713+00:00,yfinance-1.5.2:2026-10-10T01:42:54.687713+00:00
yahoo-ticker:UUP,UUP,2007-12-17,cash_distribution,0.2,2026-10-10T01:43:01.392906+00:00,yfinance-1.5.2:2026-10-10T01:43:01.392906+00:00
yahoo-ticker:VNQ,VNQ,2007-12-20,cash_distribution,1.014,2026-10-10T01:43:02.060468+00:00,yfinance-1.5.2:2026-10-10T01:43:02.060468+00:00
yahoo-ticker:VTV,VTV,2007-12-20,cash_distribution,0.555,2026-10-10T01:43:02.424133+00:00,yfinance-1.5.2:2026-10-10T01:43:02.424133+00:00
yahoo-ticker:VUG,VUG,2007-12-20,cash_distribution,0.0265,2026-10-10T01:43:02.762619+00:00,yfinance-1.5.2:2026-10-10T01:43:02.762619+00:00
yahoo-ticker:QQQ,QQQ,2007-12-21,cash_distribution,0.053,2026-10-10T01:42:58.808927+00:00,yfinance-1.5.2:2026-10-10T01:42:58.808927+00:00
yahoo-ticker:SPY,SPY,2007-12-21,cash_distribution,0.775,2026-10-10T01:42:59.974995+00:00,yfinance-1.5.2:2026-10-10T01:42:59.974995+00:00
yahoo-ticker:XLB,XLB,2007-12-21,cash_distribution,0.196,2026-10-10T01:43:03.569166+00:00,yfinance-1.5.2:2026-10-10T01:43:03.569166+00:00
yahoo-ticker:XLE,XLE,2007-12-21,cash_distribution,0.0995,2026-10-10T01:43:04.018451+00:00,yfinance-1.5.2:2026-10-10T01:43:04.018451+00:00
yahoo-ticker:XLF,XLF,2007-12-21,cash_distribution,0.212835,2026-10-10T01:43:04.466526+00:00,yfinance-1.5.2:2026-10-10T01:43:04.466526+00:00
yahoo-ticker:XLI,XLI,2007-12-21,cash_distribution,0.186,2026-10-10T01:43:04.894763+00:00,yfinance-1.5.2:2026-10-10T01:43:04.894763+00:00
yahoo-ticker:XLK,XLK,2007-12-21,cash_distribution,0.0615,2026-10-10T01:43:05.330588+00:00,yfinance-1.5.2:2026-10-10T01:43:05.330588+00:00
yahoo-ticker:XLP,XLP,2007-12-21,cash_distribution,0.147,2026-10-10T01:43:05.749242+00:00,yfinance-1.5.2:2026-10-10T01:43:05.749242+00:00
yahoo-ticker:XLU,XLU,2007-12-21,cash_distribution,0.1635,2026-10-10T01:43:06.185048+00:00,yfinance-1.5.2:2026-10-10T01:43:06.185048+00:00
yahoo-ticker:XLV,XLV,2007-12-21,cash_distribution,0.13,2026-10-10T01:43:06.570262+00:00,yfinance-1.5.2:2026-10-10T01:43:06.570262+00:00
yahoo-ticker:XLY,XLY,2007-12-21,cash_distribution,0.1175,2026-10-10T01:43:07.010195+00:00,yfinance-1.5.2:2026-10-10T01:43:07.010195+00:00
yahoo-ticker:EEM,EEM,2007-12-24,cash_distribution,0.649,2026-10-10T01:42:55.050042+00:00,yfinance-1.5.2:2026-10-10T01:42:55.050042+00:00
yahoo-ticker:EFA,EFA,2007-12-24,cash_distribution,2.0,2026-10-10T01:42:55.419695+00:00,yfinance-1.5.2:2026-10-10T01:42:55.419695+00:00
yahoo-ticker:EWJ,EWJ,2007-12-24,cash_distribution,0.552,2026-10-10T01:42:55.842554+00:00,yfinance-1.5.2:2026-10-10T01:42:55.842554+00:00
yahoo-ticker:VEA,VEA,2007-12-24,cash_distribution,1.055,2026-10-10T01:43:01.730564+00:00,yfinance-1.5.2:2026-10-10T01:43:01.730564+00:00
yahoo-ticker:VWO,VWO,2007-12-24,cash_distribution,0.9845,2026-10-10T01:43:03.149780+00:00,yfinance-1.5.2:2026-10-10T01:43:03.149780+00:00
yahoo-ticker:HYG,HYG,2007-12-27,cash_distribution,0.565,2026-10-10T01:42:56.450321+00:00,yfinance-1.5.2:2026-10-10T01:42:56.450321+00:00
yahoo-ticker:IEF,IEF,2007-12-27,cash_distribution,0.313,2026-10-10T01:42:57.071590+00:00,yfinance-1.5.2:2026-10-10T01:42:57.071590+00:00
yahoo-ticker:IWM,IWM,2007-12-27,cash_distribution,0.267,2026-10-10T01:42:57.484124+00:00,yfinance-1.5.2:2026-10-10T01:42:57.484124+00:00
yahoo-ticker:LQD,LQD,2007-12-27,cash_distribution,0.465,2026-10-10T01:42:57.875026+00:00,yfinance-1.5.2:2026-10-10T01:42:57.875026+00:00
yahoo-ticker:MBB,MBB,2007-12-27,cash_distribution,0.406,2026-10-10T01:42:58.253414+00:00,yfinance-1.5.2:2026-10-10T01:42:58.253414+00:00
yahoo-ticker:SHY,SHY,2007-12-27,cash_distribution,0.279,2026-10-10T01:42:59.247733+00:00,yfinance-1.5.2:2026-10-10T01:42:59.247733+00:00
yahoo-ticker:TIP,TIP,2007-12-27,cash_distribution,0.531,2026-10-10T01:43:00.393852+00:00,yfinance-1.5.2:2026-10-10T01:43:00.393852+00:00
yahoo-ticker:TLT,TLT,2007-12-27,cash_distribution,0.362,2026-10-10T01:43:00.768241+00:00,yfinance-1.5.2:2026-10-10T01:43:00.768241+00:00
yahoo-ticker:BIL,BIL,2007-12-28,cash_distribution,0.258,2026-10-10T01:42:54.346149+00:00,yfinance-1.5.2:2026-10-10T01:42:54.346149+00:00
yahoo-ticker:BIL,BIL,2008-02-01,cash_distribution,0.23,2026-10-10T01:42:54.346149+00:00,yfinance-1.5.2:2026-10-10T01:42:54.346149+00:00
yahoo-ticker:HYG,HYG,2008-02-01,cash_distribution,0.664,2026-10-10T01:42:56.450321+00:00,yfinance-1.5.2:2026-10-10T01:42:56.450321+00:00
yahoo-ticker:IEF,IEF,2008-02-01,cash_distribution,0.281,2026-10-10T01:42:57.071590+00:00,yfinance-1.5.2:2026-10-10T01:42:57.071590+00:00
yahoo-ticker:LQD,LQD,2008-02-01,cash_distribution,0.494,2026-10-10T01:42:57.875026+00:00,yfinance-1.5.2:2026-10-10T01:42:57.875026+00:00
yahoo-ticker:MBB,MBB,2008-02-01,cash_distribution,0.378,2026-10-10T01:42:58.253414+00:00,yfinance-1.5.2:2026-10-10T01:42:58.253414+00:00
yahoo-ticker:SHY,SHY,2008-02-01,cash_distribution,0.221,2026-10-10T01:42:59.247733+00:00,yfinance-1.5.2:2026-10-10T01:42:59.247733+00:00
yahoo-ticker:TIP,TIP,2008-02-01,cash_distribution,0.561,2026-10-10T01:43:00.393852+00:00,yfinance-1.5.2:2026-10-10T01:43:00.393852+00:00
yahoo-ticker:TLT,TLT,2008-02-01,cash_distribution,0.329,2026-10-10T01:43:00.768241+00:00,yfinance-1.5.2:2026-10-10T01:43:00.768241+00:00
yahoo-ticker:BIL,BIL,2008-03-03,cash_distribution,0.174,2026-10-10T01:42:54.346149+00:00,yfinance-1.5.2:2026-10-10T01:42:54.346149+00:00
yahoo-ticker:HYG,HYG,2008-03-03,cash_distribution,0.616,2026-10-10T01:42:56.450321+00:00,yfinance-1.5.2:2026-10-10T01:42:56.450321+00:00
yahoo-ticker:IEF,IEF,2008-03-03,cash_distribution,0.28,2026-10-10T01:42:57.071590+00:00,yfinance-1.5.2:2026-10-10T01:42:57.071590+00:00
yahoo-ticker:LQD,LQD,2008-03-03,cash_distribution,0.448,2026-10-10T01:42:57.875026+00:00,yfinance-1.5.2:2026-10-10T01:42:57.875026+00:00
yahoo-ticker:MBB,MBB,2008-03-03,cash_distribution,0.289,2026-10-10T01:42:58.253414+00:00,yfinance-1.5.2:2026-10-10T01:42:58.253414+00:00
yahoo-ticker:SHY,SHY,2008-03-03,cash_distribution,0.163,2026-10-10T01:42:59.247733+00:00,yfinance-1.5.2:2026-10-10T01:42:59.247733+00:00
yahoo-ticker:TIP,TIP,2008-03-03,cash_distribution,0.516,2026-10-10T01:43:00.393852+00:00,yfinance-1.5.2:2026-10-10T01:43:00.393852+00:00
yahoo-ticker:TLT,TLT,2008-03-03,cash_distribution,0.348,2026-10-10T01:43:00.768241+00:00,yfinance-1.5.2:2026-10-10T01:43:00.768241+00:00
yahoo-ticker:VEA,VEA,2008-03-12,cash_distribution,0.016,2026-10-10T01:43:01.730564+00:00,yfinance-1.5.2:2026-10-10T01:43:01.730564+00:00
yahoo-ticker:QQQ,QQQ,2008-03-20,cash_distribution,0.033,2026-10-10T01:42:58.808927+00:00,yfinance-1.5.2:2026-10-10T01:42:58.808927+00:00
yahoo-ticker:SPY,SPY,2008-03-20,cash_distribution,0.642,2026-10-10T01:42:59.974995+00:00,yfinance-1.5.2:2026-10-10T01:42:59.974995+00:00
yahoo-ticker:XLB,XLB,2008-03-20,cash_distribution,0.06,2026-10-10T01:43:03.569166+00:00,yfinance-1.5.2:2026-10-10T01:43:03.569166+00:00
yahoo-ticker:XLE,XLE,2008-03-20,cash_distribution,0.1015,2026-10-10T01:43:04.018451+00:00,yfinance-1.5.2:2026-10-10T01:43:04.018451+00:00
yahoo-ticker:XLF,XLF,2008-03-20,cash_distribution,0.160845,2026-10-10T01:43:04.466526+00:00,yfinance-1.5.2:2026-10-10T01:43:04.466526+00:00
yahoo-ticker:XLI,XLI,2008-03-20,cash_distribution,0.161,2026-10-10T01:43:04.894763+00:00,yfinance-1.5.2:2026-10-10T01:43:04.894763+00:00
yahoo-ticker:XLK,XLK,2008-03-20,cash_distribution,0.003,2026-10-10T01:43:05.330588+00:00,yfinance-1.5.2:2026-10-10T01:43:05.330588+00:00
yahoo-ticker:XLP,XLP,2008-03-20,cash_distribution,0.146,2026-10-10T01:43:05.749242+00:00,yfinance-1.5.2:2026-10-10T01:43:05.749242+00:00
yahoo-ticker:XLU,XLU,2008-03-20,cash_distribution,0.1355,2026-10-10T01:43:06.185048+00:00,yfinance-1.5.2:2026-10-10T01:43:06.185048+00:00
yahoo-ticker:XLV,XLV,2008-03-20,cash_distribution,0.139,2026-10-10T01:43:06.570262+00:00,yfinance-1.5.2:2026-10-10T01:43:06.570262+00:00
yahoo-ticker:XLY,XLY,2008-03-20,cash_distribution,0.02,2026-10-10T01:43:07.010195+00:00,yfinance-1.5.2:2026-10-10T01:43:07.010195+00:00
yahoo-ticker:IWM,IWM,2008-03-24,cash_distribution,0.11,2026-10-10T01:42:57.484124+00:00,yfinance-1.5.2:2026-10-10T01:42:57.484124+00:00
yahoo-ticker:VNQ,VNQ,2008-03-25,cash_distribution,0.495,2026-10-10T01:43:02.060468+00:00,yfinance-1.5.2:2026-10-10T01:43:02.060468+00:00
yahoo-ticker:VTV,VTV,2008-03-25,cash_distribution,0.439,2026-10-10T01:43:02.424133+00:00,yfinance-1.5.2:2026-10-10T01:43:02.424133+00:00
yahoo-ticker:VUG,VUG,2008-03-25,cash_distribution,0.021833,2026-10-10T01:43:02.762619+00:00,yfinance-1.5.2:2026-10-10T01:43:02.762619+00:00
yahoo-ticker:BIL,BIL,2008-04-01,cash_distribution,0.14,2026-10-10T01:42:54.346149+00:00,yfinance-1.5.2:2026-10-10T01:42:54.346149+00:00
yahoo-ticker:HYG,HYG,2008-04-01,cash_distribution,0.642,2026-10-10T01:42:56.450321+00:00,yfinance-1.5.2:2026-10-10T01:42:56.450321+00:00
yahoo-ticker:IEF,IEF,2008-04-01,cash_distribution,0.311,2026-10-10T01:42:57.071590+00:00,yfinance-1.5.2:2026-10-10T01:42:57.071590+00:00
yahoo-ticker:LQD,LQD,2008-04-01,cash_distribution,0.513,2026-10-10T01:42:57.875026+00:00,yfinance-1.5.2:2026-10-10T01:42:57.875026+00:00
yahoo-ticker:MBB,MBB,2008-04-01,cash_distribution,0.325,2026-10-10T01:42:58.253414+00:00,yfinance-1.5.2:2026-10-10T01:42:58.253414+00:00
yahoo-ticker:SHY,SHY,2008-04-01,cash_distribution,0.176,2026-10-10T01:42:59.247733+00:00,yfinance-1.5.2:2026-10-10T01:42:59.247733+00:00
yahoo-ticker:TIP,TIP,2008-04-01,cash_distribution,0.632,2026-10-10T01:43:00.393852+00:00,yfinance-1.5.2:2026-10-10T01:43:00.393852+00:00
yahoo-ticker:TLT,TLT,2008-04-01,cash_distribution,0.406,2026-10-10T01:43:00.768241+00:00,yfinance-1.5.2:2026-10-10T01:43:00.768241+00:00
yahoo-ticker:TIP,TIP,2008-04-03,cash_distribution,0.632,2026-10-10T01:43:00.393852+00:00,yfinance-1.5.2:2026-10-10T01:43:00.393852+00:00
yahoo-ticker:BIL,BIL,2008-05-01,cash_distribution,0.108,2026-10-10T01:42:54.346149+00:00,yfinance-1.5.2:2026-10-10T01:42:54.346149+00:00
yahoo-ticker:HYG,HYG,2008-05-01,cash_distribution,0.568,2026-10-10T01:42:56.450321+00:00,yfinance-1.5.2:2026-10-10T01:42:56.450321+00:00
yahoo-ticker:IEF,IEF,2008-05-01,cash_distribution,0.28,2026-10-10T01:42:57.071590+00:00,yfinance-1.5.2:2026-10-10T01:42:57.071590+00:00
yahoo-ticker:LQD,LQD,2008-05-01,cash_distribution,0.463,2026-10-10T01:42:57.875026+00:00,yfinance-1.5.2:2026-10-10T01:42:57.875026+00:00
yahoo-ticker:MBB,MBB,2008-05-01,cash_distribution,0.404,2026-10-10T01:42:58.253414+00:00,yfinance-1.5.2:2026-10-10T01:42:58.253414+00:00
yahoo-ticker:SHY,SHY,2008-05-01,cash_distribution,0.162,2026-10-10T01:42:59.247733+00:00,yfinance-1.5.2:2026-10-10T01:42:59.247733+00:00
yahoo-ticker:TIP,TIP,2008-05-01,cash_distribution,0.444,2026-10-10T01:43:00.393852+00:00,yfinance-1.5.2:2026-10-10T01:43:00.393852+00:00
yahoo-ticker:TLT,TLT,2008-05-01,cash_distribution,0.336,2026-10-10T01:43:00.768241+00:00,yfinance-1.5.2:2026-10-10T01:43:00.768241+00:00
yahoo-ticker:BIL,BIL,2008-06-02,cash_distribution,0.094,2026-10-10T01:42:54.346149+00:00,yfinance-1.5.2:2026-10-10T01:42:54.346149+00:00
yahoo-ticker:HYG,HYG,2008-06-02,cash_distribution,0.634,2026-10-10T01:42:56.450321+00:00,yfinance-1.5.2:2026-10-10T01:42:56.450321+00:00
yahoo-ticker:IEF,IEF,2008-06-02,cash_distribution,0.307,2026-10-10T01:42:57.071590+00:00,yfinance-1.5.2:2026-10-10T01:42:57.071590+00:00
yahoo-ticker:LQD,LQD,2008-06-02,cash_distribution,0.473,2026-10-10T01:42:57.875026+00:00,yfinance-1.5.2:2026-10-10T01:42:57.875026+00:00
yahoo-ticker:MBB,MBB,2008-06-02,cash_distribution,0.433,2026-10-10T01:42:58.253414+00:00,yfinance-1.5.2:2026-10-10T01:42:58.253414+00:00
yahoo-ticker:SHY,SHY,2008-06-02,cash_distribution,0.223,2026-10-10T01:42:59.247733+00:00,yfinance-1.5.2:2026-10-10T01:42:59.247733+00:00
yahoo-ticker:TIP,TIP,2008-06-02,cash_distribution,0.826,2026-10-10T01:43:00.393852+00:00,yfinance-1.5.2:2026-10-10T01:43:00.393852+00:00
yahoo-ticker:TLT,TLT,2008-06-02,cash_distribution,0.327,2026-10-10T01:43:00.768241+00:00,yfinance-1.5.2:2026-10-10T01:43:00.768241+00:00
yahoo-ticker:VWO,VWO,2008-06-18,stock_split,2.0,2026-10-10T01:43:03.149780+00:00,yfinance-1.5.2:2026-10-10T01:43:03.149780+00:00
yahoo-ticker:QQQ,QQQ,2008-06-20,cash_distribution,0.034,2026-10-10T01:42:58.808927+00:00,yfinance-1.5.2:2026-10-10T01:42:58.808927+00:00
yahoo-ticker:SPY,SPY,2008-06-20,cash_distribution,0.669,2026-10-10T01:42:59.974995+00:00,yfinance-1.5.2:2026-10-10T01:42:59.974995+00:00
yahoo-ticker:XLB,XLB,2008-06-20,cash_distribution,0.1015,2026-10-10T01:43:03.569166+00:00,yfinance-1.5.2:2026-10-10T01:43:03.569166+00:00
yahoo-ticker:XLE,XLE,2008-06-20,cash_distribution,0.114,2026-10-10T01:43:04.018451+00:00,yfinance-1.5.2:2026-10-10T01:43:04.018451+00:00
yahoo-ticker:XLF,XLF,2008-06-20,cash_distribution,0.16247,2026-10-10T01:43:04.466526+00:00,yfinance-1.5.2:2026-10-10T01:43:04.466526+00:00
yahoo-ticker:XLI,XLI,2008-06-20,cash_distribution,0.171,2026-10-10T01:43:04.894763+00:00,yfinance-1.5.2:2026-10-10T01:43:04.894763+00:00
yahoo-ticker:XLK,XLK,2008-06-20,cash_distribution,0.0345,2026-10-10T01:43:05.330588+00:00,yfinance-1.5.2:2026-10-10T01:43:05.330588+00:00
yahoo-ticker:XLP,XLP,2008-06-20,cash_distribution,0.119,2026-10-10T01:43:05.749242+00:00,yfinance-1.5.2:2026-10-10T01:43:05.749242+00:00
yahoo-ticker:XLU,XLU,2008-06-20,cash_distribution,0.1525,2026-10-10T01:43:06.185048+00:00,yfinance-1.5.2:2026-10-10T01:43:06.185048+00:00
yahoo-ticker:XLV,XLV,2008-06-20,cash_distribution,0.142,2026-10-10T01:43:06.570262+00:00,yfinance-1.5.2:2026-10-10T01:43:06.570262+00:00
yahoo-ticker:XLY,XLY,2008-06-20,cash_distribution,0.056,2026-10-10T01:43:07.010195+00:00,yfinance-1.5.2:2026-10-10T01:43:07.010195+00:00
yahoo-ticker:VNQ,VNQ,2008-06-24,cash_distribution,0.798,2026-10-10T01:43:02.060468+00:00,yfinance-1.5.2:2026-10-10T01:43:02.060468+00:00
yahoo-ticker:VTV,VTV,2008-06-24,cash_distribution,0.416,2026-10-10T01:43:02.424133+00:00,yfinance-1.5.2:2026-10-10T01:43:02.424133+00:00
yahoo-ticker:VUG,VUG,2008-06-24,cash_distribution,0.023333,2026-10-10T01:43:02.762619+00:00,yfinance-1.5.2:2026-10-10T01:43:02.762619+00:00
yahoo-ticker:EEM,EEM,2008-06-25,cash_distribution,0.517333,2026-10-10T01:42:55.050042+00:00,yfinance-1.5.2:2026-10-10T01:42:55.050042+00:00
yahoo-ticker:EFA,EFA,2008-06-25,cash_distribution,1.308,2026-10-10T01:42:55.419695+00:00,yfinance-1.5.2:2026-10-10T01:42:55.419695+00:00
yahoo-ticker:EWJ,EWJ,2008-06-25,cash_distribution,0.24,2026-10-10T01:42:55.842554+00:00,yfinance-1.5.2:2026-10-10T01:42:55.842554+00:00
yahoo-ticker:BIL,BIL,2008-07-01,cash_distribution,0.112,2026-10-10T01:42:54.346149+00:00,yfinance-1.5.2:2026-10-10T01:42:54.346149+00:00
yahoo-ticker:HYG,HYG,2008-07-01,cash_distribution,0.651,2026-10-10T01:42:56.450321+00:00,yfinance-1.5.2:2026-10-10T01:42:56.450321+00:00
yahoo-ticker:IEF,IEF,2008-07-01,cash_distribution,0.292,2026-10-10T01:42:57.071590+00:00,yfinance-1.5.2:2026-10-10T01:42:57.071590+00:00
yahoo-ticker:LQD,LQD,2008-07-01,cash_distribution,0.434,2026-10-10T01:42:57.875026+00:00,yfinance-1.5.2:2026-10-10T01:42:57.875026+00:00
yahoo-ticker:MBB,MBB,2008-07-01,cash_distribution,0.423,2026-10-10T01:42:58.253414+00:00,yfinance-1.5.2:2026-10-10T01:42:58.253414+00:00
yahoo-ticker:SHY,SHY,2008-07-01,cash_distribution,0.219,2026-10-10T01:42:59.247733+00:00,yfinance-1.5.2:2026-10-10T01:42:59.247733+00:00
yahoo-ticker:TIP,TIP,2008-07-01,cash_distribution,0.727,2026-10-10T01:43:00.393852+00:00,yfinance-1.5.2:2026-10-10T01:43:00.393852+00:00
yahoo-ticker:TLT,TLT,2008-07-01,cash_distribution,0.332,2026-10-10T01:43:00.768241+00:00,yfinance-1.5.2:2026-10-10T01:43:00.768241+00:00
yahoo-ticker:IWM,IWM,2008-07-02,cash_distribution,0.257,2026-10-10T01:42:57.484124+00:00,yfinance-1.5.2:2026-10-10T01:42:57.484124+00:00
yahoo-ticker:EEM,EEM,2008-07-24,stock_split,3.0,2026-10-10T01:42:55.050042+00:00,yfinance-1.5.2:2026-10-10T01:42:55.050042+00:00
yahoo-ticker:SLV,SLV,2008-07-24,stock_split,10.0,2026-10-10T01:42:59.531095+00:00,yfinance-1.5.2:2026-10-10T01:42:59.531095+00:00
yahoo-ticker:BIL,BIL,2008-08-01,cash_distribution,0.132,2026-10-10T01:42:54.346149+00:00,yfinance-1.5.2:2026-10-10T01:42:54.346149+00:00
yahoo-ticker:HYG,HYG,2008-08-01,cash_distribution,0.663,2026-10-10T01:42:56.450321+00:00,yfinance-1.5.2:2026-10-10T01:42:56.450321+00:00
yahoo-ticker:IEF,IEF,2008-08-01,cash_distribution,0.304,2026-10-10T01:42:57.071590+00:00,yfinance-1.5.2:2026-10-10T01:42:57.071590+00:00
yahoo-ticker:LQD,LQD,2008-08-01,cash_distribution,0.466,2026-10-10T01:42:57.875026+00:00,yfinance-1.5.2:2026-10-10T01:42:57.875026+00:00
yahoo-ticker:MBB,MBB,2008-08-01,cash_distribution,0.425,2026-10-10T01:42:58.253414+00:00,yfinance-1.5.2:2026-10-10T01:42:58.253414+00:00
yahoo-ticker:SHY,SHY,2008-08-01,cash_distribution,0.266,2026-10-10T01:42:59.247733+00:00,yfinance-1.5.2:2026-10-10T01:42:59.247733+00:00
yahoo-ticker:TIP,TIP,2008-08-01,cash_distribution,0.934,2026-10-10T01:43:00.393852+00:00,yfinance-1.5.2:2026-10-10T01:43:00.393852+00:00
yahoo-ticker:TLT,TLT,2008-08-01,cash_distribution,0.332,2026-10-10T01:43:00.768241+00:00,yfinance-1.5.2:2026-10-10T01:43:00.768241+00:00
yahoo-ticker:BIL,BIL,2008-09-02,cash_distribution,0.126,2026-10-10T01:42:54.346149+00:00,yfinance-1.5.2:2026-10-10T01:42:54.346149+00:00
yahoo-ticker:HYG,HYG,2008-09-02,cash_distribution,0.62,2026-10-10T01:42:56.450321+00:00,yfinance-1.5.2:2026-10-10T01:42:56.450321+00:00
yahoo-ticker:IEF,IEF,2008-09-02,cash_distribution,0.295,2026-10-10T01:42:57.071590+00:00,yfinance-1.5.2:2026-10-10T01:42:57.071590+00:00
yahoo-ticker:LQD,LQD,2008-09-02,cash_distribution,0.457,2026-10-10T01:42:57.875026+00:00,yfinance-1.5.2:2026-10-10T01:42:57.875026+00:00
yahoo-ticker:MBB,MBB,2008-09-02,cash_distribution,0.464,2026-10-10T01:42:58.253414+00:00,yfinance-1.5.2:2026-10-10T01:42:58.253414+00:00
yahoo-ticker:SHY,SHY,2008-09-02,cash_distribution,0.235,2026-10-10T01:42:59.247733+00:00,yfinance-1.5.2:2026-10-10T01:42:59.247733+00:00
yahoo-ticker:TIP,TIP,2008-09-02,cash_distribution,0.815,2026-10-10T01:43:00.393852+00:00,yfinance-1.5.2:2026-10-10T01:43:00.393852+00:00
yahoo-ticker:TLT,TLT,2008-09-02,cash_distribution,0.34,2026-10-10T01:43:00.768241+00:00,yfinance-1.5.2:2026-10-10T01:43:00.768241+00:00
yahoo-ticker:QQQ,QQQ,2008-09-19,cash_distribution,0.028,2026-10-10T01:42:58.808927+00:00,yfinance-1.5.2:2026-10-10T01:42:58.808927+00:00
yahoo-ticker:SPY,SPY,2008-09-19,cash_distribution,0.691,2026-10-10T01:42:59.974995+00:00,yfinance-1.5.2:2026-10-10T01:42:59.974995+00:00
yahoo-ticker:XLB,XLB,2008-09-19,cash_distribution,0.1065,2026-10-10T01:43:03.569166+00:00,yfinance-1.5.2:2026-10-10T01:43:03.569166+00:00
yahoo-ticker:XLE,XLE,2008-09-19,cash_distribution,0.1075,2026-10-10T01:43:04.018451+00:00,yfinance-1.5.2:2026-10-10T01:43:04.018451+00:00
yahoo-ticker:XLF,XLF,2008-09-19,cash_distribution,0.154346,2026-10-10T01:43:04.466526+00:00,yfinance-1.5.2:2026-10-10T01:43:04.466526+00:00
yahoo-ticker:XLI,XLI,2008-09-19,cash_distribution,0.176,2026-10-10T01:43:04.894763+00:00,yfinance-1.5.2:2026-10-10T01:43:04.894763+00:00
yahoo-ticker:XLK,XLK,2008-09-19,cash_distribution,0.0355,2026-10-10T01:43:05.330588+00:00,yfinance-1.5.2:2026-10-10T01:43:05.330588+00:00
yahoo-ticker:XLP,XLP,2008-09-19,cash_distribution,0.189,2026-10-10T01:43:05.749242+00:00,yfinance-1.5.2:2026-10-10T01:43:05.749242+00:00
yahoo-ticker:XLU,XLU,2008-09-19,cash_distribution,0.15,2026-10-10T01:43:06.185048+00:00,yfinance-1.5.2:2026-10-10T01:43:06.185048+00:00
yahoo-ticker:XLV,XLV,2008-09-19,cash_distribution,0.142,2026-10-10T01:43:06.570262+00:00,yfinance-1.5.2:2026-10-10T01:43:06.570262+00:00
yahoo-ticker:XLY,XLY,2008-09-19,cash_distribution,0.0525,2026-10-10T01:43:07.010195+00:00,yfinance-1.5.2:2026-10-10T01:43:07.010195+00:00
yahoo-ticker:IWM,IWM,2008-09-24,cash_distribution,0.15,2026-10-10T01:42:57.484124+00:00,yfinance-1.5.2:2026-10-10T01:42:57.484124+00:00
yahoo-ticker:VNQ,VNQ,2008-09-24,cash_distribution,0.772,2026-10-10T01:43:02.060468+00:00,yfinance-1.5.2:2026-10-10T01:43:02.060468+00:00
yahoo-ticker:VTV,VTV,2008-09-24,cash_distribution,0.457,2026-10-10T01:43:02.424133+00:00,yfinance-1.5.2:2026-10-10T01:43:02.424133+00:00
yahoo-ticker:VUG,VUG,2008-09-24,cash_distribution,0.023,2026-10-10T01:43:02.762619+00:00,yfinance-1.5.2:2026-10-10T01:43:02.762619+00:00
yahoo-ticker:BIL,BIL,2008-10-01,cash_distribution,0.126,2026-10-10T01:42:54.346149+00:00,yfinance-1.5.2:2026-10-10T01:42:54.346149+00:00
yahoo-ticker:HYG,HYG,2008-10-01,cash_distribution,0.69,2026-10-10T01:42:56.450321+00:00,yfinance-1.5.2:2026-10-10T01:42:56.450321+00:00
yahoo-ticker:IEF,IEF,2008-10-01,cash_distribution,0.305,2026-10-10T01:42:57.071590+00:00,yfinance-1.5.2:2026-10-10T01:42:57.071590+00:00
yahoo-ticker:LQD,LQD,2008-10-01,cash_distribution,0.405,2026-10-10T01:42:57.875026+00:00,yfinance-1.5.2:2026-10-10T01:42:57.875026+00:00
yahoo-ticker:MBB,MBB,2008-10-01,cash_distribution,0.49,2026-10-10T01:42:58.253414+00:00,yfinance-1.5.2:2026-10-10T01:42:58.253414+00:00
yahoo-ticker:SHY,SHY,2008-10-01,cash_distribution,0.28,2026-10-10T01:42:59.247733+00:00,yfinance-1.5.2:2026-10-10T01:42:59.247733+00:00
yahoo-ticker:TIP,TIP,2008-10-01,cash_distribution,0.8,2026-10-10T01:43:00.393852+00:00,yfinance-1.5.2:2026-10-10T01:43:00.393852+00:00
yahoo-ticker:TLT,TLT,2008-10-01,cash_distribution,0.29,2026-10-10T01:43:00.768241+00:00,yfinance-1.5.2:2026-10-10T01:43:00.768241+00:00
yahoo-ticker:BIL,BIL,2008-11-03,cash_distribution,0.094,2026-10-10T01:42:54.346149+00:00,yfinance-1.5.2:2026-10-10T01:42:54.346149+00:00
yahoo-ticker:HYG,HYG,2008-11-03,cash_distribution,0.69,2026-10-10T01:42:56.450321+00:00,yfinance-1.5.2:2026-10-10T01:42:56.450321+00:00
yahoo-ticker:IEF,IEF,2008-11-03,cash_distribution,0.32,2026-10-10T01:42:57.071590+00:00,yfinance-1.5.2:2026-10-10T01:42:57.071590+00:00
yahoo-ticker:LQD,LQD,2008-11-03,cash_distribution,0.435,2026-10-10T01:42:57.875026+00:00,yfinance-1.5.2:2026-10-10T01:42:57.875026+00:00
yahoo-ticker:MBB,MBB,2008-11-03,cash_distribution,0.32,2026-10-10T01:42:58.253414+00:00,yfinance-1.5.2:2026-10-10T01:42:58.253414+00:00
yahoo-ticker:SHY,SHY,2008-11-03,cash_distribution,0.327,2026-10-10T01:42:59.247733+00:00,yfinance-1.5.2:2026-10-10T01:42:59.247733+00:00
yahoo-ticker:TLT,TLT,2008-11-03,cash_distribution,0.37,2026-10-10T01:43:00.768241+00:00,yfinance-1.5.2:2026-10-10T01:43:00.768241+00:00
yahoo-ticker:BIL,BIL,2008-12-01,cash_distribution,0.052,2026-10-10T01:42:54.346149+00:00,yfinance-1.5.2:2026-10-10T01:42:54.346149+00:00
yahoo-ticker:HYG,HYG,2008-12-01,cash_distribution,0.698,2026-10-10T01:42:56.450321+00:00,yfinance-1.5.2:2026-10-10T01:42:56.450321+00:00
yahoo-ticker:IEF,IEF,2008-12-01,cash_distribution,0.313,2026-10-10T01:42:57.071590+00:00,yfinance-1.5.2:2026-10-10T01:42:57.071590+00:00
yahoo-ticker:LQD,LQD,2008-12-01,cash_distribution,0.452,2026-10-10T01:42:57.875026+00:00,yfinance-1.5.2:2026-10-10T01:42:57.875026+00:00
yahoo-ticker:MBB,MBB,2008-12-01,cash_distribution,0.325,2026-10-10T01:42:58.253414+00:00,yfinance-1.5.2:2026-10-10T01:42:58.253414+00:00
yahoo-ticker:SHY,SHY,2008-12-01,cash_distribution,0.279,2026-10-10T01:42:59.247733+00:00,yfinance-1.5.2:2026-10-10T01:42:59.247733+00:00
yahoo-ticker:TLT,TLT,2008-12-01,cash_distribution,0.355,2026-10-10T01:43:00.768241+00:00,yfinance-1.5.2:2026-10-10T01:43:00.768241+00:00
yahoo-ticker:DBA,DBA,2008-12-15,cash_distribution,0.45,2026-10-10T01:42:54.687713+00:00,yfinance-1.5.2:2026-10-10T01:42:54.687713+00:00
yahoo-ticker:UUP,UUP,2008-12-15,cash_distribution,0.17,2026-10-10T01:43:01.392906+00:00,yfinance-1.5.2:2026-10-10T01:43:01.392906+00:00
yahoo-ticker:QQQ,QQQ,2008-12-19,cash_distribution,0.043,2026-10-10T01:42:58.808927+00:00,yfinance-1.5.2:2026-10-10T01:42:58.808927+00:00
yahoo-ticker:SPY,SPY,2008-12-19,cash_distribution,0.719,2026-10-10T01:42:59.974995+00:00,yfinance-1.5.2:2026-10-10T01:42:59.974995+00:00
yahoo-ticker:XLB,XLB,2008-12-19,cash_distribution,0.1415,2026-10-10T01:43:03.569166+00:00,yfinance-1.5.2:2026-10-10T01:43:03.569166+00:00
yahoo-ticker:XLE,XLE,2008-12-19,cash_distribution,0.1195,2026-10-10T01:43:04.018451+00:00,yfinance-1.5.2:2026-10-10T01:43:04.018451+00:00
yahoo-ticker:XLF,XLF,2008-12-19,cash_distribution,0.14866,2026-10-10T01:43:04.466526+00:00,yfinance-1.5.2:2026-10-10T01:43:04.466526+00:00
yahoo-ticker:XLI,XLI,2008-12-19,cash_distribution,0.217,2026-10-10T01:43:04.894763+00:00,yfinance-1.5.2:2026-10-10T01:43:04.894763+00:00
yahoo-ticker:XLK,XLK,2008-12-19,cash_distribution,0.0405,2026-10-10T01:43:05.330588+00:00,yfinance-1.5.2:2026-10-10T01:43:05.330588+00:00
yahoo-ticker:XLP,XLP,2008-12-19,cash_distribution,0.2,2026-10-10T01:43:05.749242+00:00,yfinance-1.5.2:2026-10-10T01:43:05.749242+00:00
yahoo-ticker:XLU,XLU,2008-12-19,cash_distribution,0.1795,2026-10-10T01:43:06.185048+00:00,yfinance-1.5.2:2026-10-10T01:43:06.185048+00:00
yahoo-ticker:XLV,XLV,2008-12-19,cash_distribution,0.158,2026-10-10T01:43:06.570262+00:00,yfinance-1.5.2:2026-10-10T01:43:06.570262+00:00
yahoo-ticker:XLY,XLY,2008-12-19,cash_distribution,0.081,2026-10-10T01:43:07.010195+00:00,yfinance-1.5.2:2026-10-10T01:43:07.010195+00:00
yahoo-ticker:VTV,VTV,2008-12-22,cash_distribution,0.431,2026-10-10T01:43:02.424133+00:00,yfinance-1.5.2:2026-10-10T01:43:02.424133+00:00
yahoo-ticker:VUG,VUG,2008-12-22,cash_distribution,0.028,2026-10-10T01:43:02.762619+00:00,yfinance-1.5.2:2026-10-10T01:43:02.762619+00:00
yahoo-ticker:EEM,EEM,2008-12-23,cash_distribution,0.34,2026-10-10T01:42:55.050042+00:00,yfinance-1.5.2:2026-10-10T01:42:55.050042+00:00
yahoo-ticker:EFA,EFA,2008-12-23,cash_distribution,0.541,2026-10-10T01:42:55.419695+00:00,yfinance-1.5.2:2026-10-10T01:42:55.419695+00:00
yahoo-ticker:EWJ,EWJ,2008-12-23,cash_distribution,0.3,2026-10-10T01:42:55.842554+00:00,yfinance-1.5.2:2026-10-10T01:42:55.842554+00:00
yahoo-ticker:IWM,IWM,2008-12-23,cash_distribution,0.361,2026-10-10T01:42:57.484124+00:00,yfinance-1.5.2:2026-10-10T01:42:57.484124+00:00
yahoo-ticker:VEA,VEA,2008-12-24,cash_distribution,0.914,2026-10-10T01:43:01.730564+00:00,yfinance-1.5.2:2026-10-10T01:43:01.730564+00:00
yahoo-ticker:VNQ,VNQ,2008-12-24,cash_distribution,0.935,2026-10-10T01:43:02.060468+00:00,yfinance-1.5.2:2026-10-10T01:43:02.060468+00:00
yahoo-ticker:VWO,VWO,2008-12-24,cash_distribution,1.178,2026-10-10T01:43:03.149780+00:00,yfinance-1.5.2:2026-10-10T01:43:03.149780+00:00
yahoo-ticker:BIL,BIL,2008-12-29,cash_distribution,0.056,2026-10-10T01:42:54.346149+00:00,yfinance-1.5.2:2026-10-10T01:42:54.346149+00:00
yahoo-ticker:HYG,HYG,2008-12-29,cash_distribution,0.524,2026-10-10T01:42:56.450321+00:00,yfinance-1.5.2:2026-10-10T01:42:56.450321+00:00
yahoo-ticker:IEF,IEF,2008-12-29,cash_distribution,0.369,2026-10-10T01:42:57.071590+00:00,yfinance-1.5.2:2026-10-10T01:42:57.071590+00:00
yahoo-ticker:LQD,LQD,2008-12-29,cash_distribution,0.422,2026-10-10T01:42:57.875026+00:00,yfinance-1.5.2:2026-10-10T01:42:57.875026+00:00
yahoo-ticker:MBB,MBB,2008-12-29,cash_distribution,0.272,2026-10-10T01:42:58.253414+00:00,yfinance-1.5.2:2026-10-10T01:42:58.253414+00:00
yahoo-ticker:SHY,SHY,2008-12-29,cash_distribution,0.336,2026-10-10T01:42:59.247733+00:00,yfinance-1.5.2:2026-10-10T01:42:59.247733+00:00
yahoo-ticker:TLT,TLT,2008-12-29,cash_distribution,0.405,2026-10-10T01:43:00.768241+00:00,yfinance-1.5.2:2026-10-10T01:43:00.768241+00:00
yahoo-ticker:BIL,BIL,2009-02-02,cash_distribution,0.016,2026-10-10T01:42:54.346149+00:00,yfinance-1.5.2:2026-10-10T01:42:54.346149+00:00
yahoo-ticker:HYG,HYG,2009-02-02,cash_distribution,0.753,2026-10-10T01:42:56.450321+00:00,yfinance-1.5.2:2026-10-10T01:42:56.450321+00:00
yahoo-ticker:IEF,IEF,2009-02-02,cash_distribution,0.266,2026-10-10T01:42:57.071590+00:00,yfinance-1.5.2:2026-10-10T01:42:57.071590+00:00
yahoo-ticker:LQD,LQD,2009-02-02,cash_distribution,0.491,2026-10-10T01:42:57.875026+00:00,yfinance-1.5.2:2026-10-10T01:42:57.875026+00:00
yahoo-ticker:MBB,MBB,2009-02-02,cash_distribution,0.293,2026-10-10T01:42:58.253414+00:00,yfinance-1.5.2:2026-10-10T01:42:58.253414+00:00
yahoo-ticker:SHY,SHY,2009-02-02,cash_distribution,0.138,2026-10-10T01:42:59.247733+00:00,yfinance-1.5.2:2026-10-10T01:42:59.247733+00:00
yahoo-ticker:TLT,TLT,2009-02-02,cash_distribution,0.285,2026-10-10T01:43:00.768241+00:00,yfinance-1.5.2:2026-10-10T01:43:00.768241+00:00
yahoo-ticker:BIL,BIL,2009-03-02,cash_distribution,0.014,2026-10-10T01:42:54.346149+00:00,yfinance-1.5.2:2026-10-10T01:42:54.346149+00:00
yahoo-ticker:HYG,HYG,2009-03-02,cash_distribution,0.719,2026-10-10T01:42:56.450321+00:00,yfinance-1.5.2:2026-10-10T01:42:56.450321+00:00
yahoo-ticker:IEF,IEF,2009-03-02,cash_distribution,0.248,2026-10-10T01:42:57.071590+00:00,yfinance-1.5.2:2026-10-10T01:42:57.071590+00:00
yahoo-ticker:LQD,LQD,2009-03-02,cash_distribution,0.482,2026-10-10T01:42:57.875026+00:00,yfinance-1.5.2:2026-10-10T01:42:57.875026+00:00
yahoo-ticker:MBB,MBB,2009-03-02,cash_distribution,0.27,2026-10-10T01:42:58.253414+00:00,yfinance-1.5.2:2026-10-10T01:42:58.253414+00:00
yahoo-ticker:SHY,SHY,2009-03-02,cash_distribution,0.129,2026-10-10T01:42:59.247733+00:00,yfinance-1.5.2:2026-10-10T01:42:59.247733+00:00
yahoo-ticker:TLT,TLT,2009-03-02,cash_distribution,0.282,2026-10-10T01:43:00.768241+00:00,yfinance-1.5.2:2026-10-10T01:43:00.768241+00:00
yahoo-ticker:QQQ,QQQ,2009-03-20,cash_distribution,0.049,2026-10-10T01:42:58.808927+00:00,yfinance-1.5.2:2026-10-10T01:42:58.808927+00:00
yahoo-ticker:SPY,SPY,2009-03-20,cash_distribution,0.561,2026-10-10T01:42:59.974995+00:00,yfinance-1.5.2:2026-10-10T01:42:59.974995+00:00
yahoo-ticker:XLB,XLB,2009-03-20,cash_distribution,0.0655,2026-10-10T01:43:03.569166+00:00,yfinance-1.5.2:2026-10-10T01:43:03.569166+00:00
yahoo-ticker:XLE,XLE,2009-03-20,cash_distribution,0.115,2026-10-10T01:43:04.018451+00:00,yfinance-1.5.2:2026-10-10T01:43:04.018451+00:00
yahoo-ticker:XLF,XLF,2009-03-20,cash_distribution,0.069862,2026-10-10T01:43:04.466526+00:00,yfinance-1.5.2:2026-10-10T01:43:04.466526+00:00
yahoo-ticker:XLI,XLI,2009-03-20,cash_distribution,0.173,2026-10-10T01:43:04.894763+00:00,yfinance-1.5.2:2026-10-10T01:43:04.894763+00:00
yahoo-ticker:XLK,XLK,2009-03-20,cash_distribution,0.0385,2026-10-10T01:43:05.330588+00:00,yfinance-1.5.2:2026-10-10T01:43:05.330588+00:00
yahoo-ticker:XLP,XLP,2009-03-20,cash_distribution,0.123,2026-10-10T01:43:05.749242+00:00,yfinance-1.5.2:2026-10-10T01:43:05.749242+00:00
yahoo-ticker:XLU,XLU,2009-03-20,cash_distribution,0.141,2026-10-10T01:43:06.185048+00:00,yfinance-1.5.2:2026-10-10T01:43:06.185048+00:00
yahoo-ticker:XLV,XLV,2009-03-20,cash_distribution,0.146,2026-10-10T01:43:06.570262+00:00,yfinance-1.5.2:2026-10-10T01:43:06.570262+00:00
yahoo-ticker:XLY,XLY,2009-03-20,cash_distribution,0.051,2026-10-10T01:43:07.010195+00:00,yfinance-1.5.2:2026-10-10T01:43:07.010195+00:00
yahoo-ticker:VEA,VEA,2009-03-23,cash_distribution,0.019,2026-10-10T01:43:01.730564+00:00,yfinance-1.5.2:2026-10-10T01:43:01.730564+00:00
yahoo-ticker:IWM,IWM,2009-03-24,cash_distribution,0.141,2026-10-10T01:42:57.484124+00:00,yfinance-1.5.2:2026-10-10T01:42:57.484124+00:00
yahoo-ticker:VNQ,VNQ,2009-03-25,cash_distribution,0.478,2026-10-10T01:43:02.060468+00:00,yfinance-1.5.2:2026-10-10T01:43:02.060468+00:00
yahoo-ticker:VTV,VTV,2009-03-25,cash_distribution,0.377,2026-10-10T01:43:02.424133+00:00,yfinance-1.5.2:2026-10-10T01:43:02.424133+00:00
yahoo-ticker:VUG,VUG,2009-03-25,cash_distribution,0.024667,2026-10-10T01:43:02.762619+00:00,yfinance-1.5.2:2026-10-10T01:43:02.762619+00:00
yahoo-ticker:BIL,BIL,2009-04-01,cash_distribution,0.016,2026-10-10T01:42:54.346149+00:00,yfinance-1.5.2:2026-10-10T01:42:54.346149+00:00
yahoo-ticker:HYG,HYG,2009-04-01,cash_distribution,0.806,2026-10-10T01:42:56.450321+00:00,yfinance-1.5.2:2026-10-10T01:42:56.450321+00:00
yahoo-ticker:IEF,IEF,2009-04-01,cash_distribution,0.276,2026-10-10T01:42:57.071590+00:00,yfinance-1.5.2:2026-10-10T01:42:57.071590+00:00
yahoo-ticker:LQD,LQD,2009-04-01,cash_distribution,0.519,2026-10-10T01:42:57.875026+00:00,yfinance-1.5.2:2026-10-10T01:42:57.875026+00:00
yahoo-ticker:MBB,MBB,2009-04-01,cash_distribution,0.268,2026-10-10T01:42:58.253414+00:00,yfinance-1.5.2:2026-10-10T01:42:58.253414+00:00
yahoo-ticker:SHY,SHY,2009-04-01,cash_distribution,0.141,2026-10-10T01:42:59.247733+00:00,yfinance-1.5.2:2026-10-10T01:42:59.247733+00:00
yahoo-ticker:TIP,TIP,2009-04-01,cash_distribution,0.474,2026-10-10T01:43:00.393852+00:00,yfinance-1.5.2:2026-10-10T01:43:00.393852+00:00
yahoo-ticker:TLT,TLT,2009-04-01,cash_distribution,0.302,2026-10-10T01:43:00.768241+00:00,yfinance-1.5.2:2026-10-10T01:43:00.768241+00:00
yahoo-ticker:BIL,BIL,2009-05-01,cash_distribution,0.01,2026-10-10T01:42:54.346149+00:00,yfinance-1.5.2:2026-10-10T01:42:54.346149+00:00
yahoo-ticker:HYG,HYG,2009-05-01,cash_distribution,0.591,2026-10-10T01:42:56.450321+00:00,yfinance-1.5.2:2026-10-10T01:42:56.450321+00:00
yahoo-ticker:IEF,IEF,2009-05-01,cash_distribution,0.28,2026-10-10T01:42:57.071590+00:00,yfinance-1.5.2:2026-10-10T01:42:57.071590+00:00
yahoo-ticker:LQD,LQD,2009-05-01,cash_distribution,0.468,2026-10-10T01:42:57.875026+00:00,yfinance-1.5.2:2026-10-10T01:42:57.875026+00:00
yahoo-ticker:MBB,MBB,2009-05-01,cash_distribution,0.248,2026-10-10T01:42:58.253414+00:00,yfinance-1.5.2:2026-10-10T01:42:58.253414+00:00
yahoo-ticker:SHY,SHY,2009-05-01,cash_distribution,0.167,2026-10-10T01:42:59.247733+00:00,yfinance-1.5.2:2026-10-10T01:42:59.247733+00:00
yahoo-ticker:TIP,TIP,2009-05-01,cash_distribution,0.623,2026-10-10T01:43:00.393852+00:00,yfinance-1.5.2:2026-10-10T01:43:00.393852+00:00
yahoo-ticker:TLT,TLT,2009-05-01,cash_distribution,0.297,2026-10-10T01:43:00.768241+00:00,yfinance-1.5.2:2026-10-10T01:43:00.768241+00:00
yahoo-ticker:BIL,BIL,2009-06-01,cash_distribution,0.008,2026-10-10T01:42:54.346149+00:00,yfinance-1.5.2:2026-10-10T01:42:54.346149+00:00
yahoo-ticker:HYG,HYG,2009-06-01,cash_distribution,0.715,2026-10-10T01:42:56.450321+00:00,yfinance-1.5.2:2026-10-10T01:42:56.450321+00:00
yahoo-ticker:IEF,IEF,2009-06-01,cash_distribution,0.272,2026-10-10T01:42:57.071590+00:00,yfinance-1.5.2:2026-10-10T01:42:57.071590+00:00
yahoo-ticker:LQD,LQD,2009-06-01,cash_distribution,0.488,2026-10-10T01:42:57.875026+00:00,yfinance-1.5.2:2026-10-10T01:42:57.875026+00:00
yahoo-ticker:MBB,MBB,2009-06-01,cash_distribution,0.261,2026-10-10T01:42:58.253414+00:00,yfinance-1.5.2:2026-10-10T01:42:58.253414+00:00
yahoo-ticker:SHY,SHY,2009-06-01,cash_distribution,0.131,2026-10-10T01:42:59.247733+00:00,yfinance-1.5.2:2026-10-10T01:42:59.247733+00:00
yahoo-ticker:TIP,TIP,2009-06-01,cash_distribution,0.371,2026-10-10T01:43:00.393852+00:00,yfinance-1.5.2:2026-10-10T01:43:00.393852+00:00
yahoo-ticker:TLT,TLT,2009-06-01,cash_distribution,0.305,2026-10-10T01:43:00.768241+00:00,yfinance-1.5.2:2026-10-10T01:43:00.768241+00:00
yahoo-ticker:QQQ,QQQ,2009-06-19,cash_distribution,0.044,2026-10-10T01:42:58.808927+00:00,yfinance-1.5.2:2026-10-10T01:42:58.808927+00:00
yahoo-ticker:SPY,SPY,2009-06-19,cash_distribution,0.518,2026-10-10T01:42:59.974995+00:00,yfinance-1.5.2:2026-10-10T01:42:59.974995+00:00
yahoo-ticker:XLB,XLB,2009-06-19,cash_distribution,0.0695,2026-10-10T01:43:03.569166+00:00,yfinance-1.5.2:2026-10-10T01:43:03.569166+00:00
yahoo-ticker:XLE,XLE,2009-06-19,cash_distribution,0.127,2026-10-10T01:43:04.018451+00:00,yfinance-1.5.2:2026-10-10T01:43:04.018451+00:00
yahoo-ticker:XLF,XLF,2009-06-19,cash_distribution,0.049553,2026-10-10T01:43:04.466526+00:00,yfinance-1.5.2:2026-10-10T01:43:04.466526+00:00
yahoo-ticker:XLI,XLI,2009-06-19,cash_distribution,0.148,2026-10-10T01:43:04.894763+00:00,yfinance-1.5.2:2026-10-10T01:43:04.894763+00:00
yahoo-ticker:XLK,XLK,2009-06-19,cash_distribution,0.0405,2026-10-10T01:43:05.330588+00:00,yfinance-1.5.2:2026-10-10T01:43:05.330588+00:00
yahoo-ticker:XLP,XLP,2009-06-19,cash_distribution,0.177,2026-10-10T01:43:05.749242+00:00,yfinance-1.5.2:2026-10-10T01:43:05.749242+00:00
yahoo-ticker:XLU,XLU,2009-06-19,cash_distribution,0.1585,2026-10-10T01:43:06.185048+00:00,yfinance-1.5.2:2026-10-10T01:43:06.185048+00:00
yahoo-ticker:XLV,XLV,2009-06-19,cash_distribution,0.13,2026-10-10T01:43:06.570262+00:00,yfinance-1.5.2:2026-10-10T01:43:06.570262+00:00
yahoo-ticker:XLY,XLY,2009-06-19,cash_distribution,0.049,2026-10-10T01:43:07.010195+00:00,yfinance-1.5.2:2026-10-10T01:43:07.010195+00:00
yahoo-ticker:EEM,EEM,2009-06-23,cash_distribution,0.247,2026-10-10T01:42:55.050042+00:00,yfinance-1.5.2:2026-10-10T01:42:55.050042+00:00
yahoo-ticker:EFA,EFA,2009-06-23,cash_distribution,0.945,2026-10-10T01:42:55.419695+00:00,yfinance-1.5.2:2026-10-10T01:42:55.419695+00:00
yahoo-ticker:EWJ,EWJ,2009-06-23,cash_distribution,0.2,2026-10-10T01:42:55.842554+00:00,yfinance-1.5.2:2026-10-10T01:42:55.842554+00:00
yahoo-ticker:VNQ,VNQ,2009-06-24,cash_distribution,0.485,2026-10-10T01:43:02.060468+00:00,yfinance-1.5.2:2026-10-10T01:43:02.060468+00:00
yahoo-ticker:VTV,VTV,2009-06-24,cash_distribution,0.269,2026-10-10T01:43:02.424133+00:00,yfinance-1.5.2:2026-10-10T01:43:02.424133+00:00
yahoo-ticker:VUG,VUG,2009-06-24,cash_distribution,0.024167,2026-10-10T01:43:02.762619+00:00,yfinance-1.5.2:2026-10-10T01:43:02.762619+00:00
yahoo-ticker:BIL,BIL,2009-07-01,cash_distribution,0.002,2026-10-10T01:42:54.346149+00:00,yfinance-1.5.2:2026-10-10T01:42:54.346149+00:00
yahoo-ticker:HYG,HYG,2009-07-01,cash_distribution,0.725,2026-10-10T01:42:56.450321+00:00,yfinance-1.5.2:2026-10-10T01:42:56.450321+00:00
yahoo-ticker:IEF,IEF,2009-07-01,cash_distribution,0.252,2026-10-10T01:42:57.071590+00:00,yfinance-1.5.2:2026-10-10T01:42:57.071590+00:00
yahoo-ticker:LQD,LQD,2009-07-01,cash_distribution,0.445,2026-10-10T01:42:57.875026+00:00,yfinance-1.5.2:2026-10-10T01:42:57.875026+00:00
yahoo-ticker:MBB,MBB,2009-07-01,cash_distribution,0.341,2026-10-10T01:42:58.253414+00:00,yfinance-1.5.2:2026-10-10T01:42:58.253414+00:00
yahoo-ticker:SHY,SHY,2009-07-01,cash_distribution,0.112,2026-10-10T01:42:59.247733+00:00,yfinance-1.5.2:2026-10-10T01:42:59.247733+00:00
yahoo-ticker:TIP,TIP,2009-07-01,cash_distribution,0.389,2026-10-10T01:43:00.393852+00:00,yfinance-1.5.2:2026-10-10T01:43:00.393852+00:00
yahoo-ticker:TLT,TLT,2009-07-01,cash_distribution,0.303,2026-10-10T01:43:00.768241+00:00,yfinance-1.5.2:2026-10-10T01:43:00.768241+00:00
yahoo-ticker:IWM,IWM,2009-07-02,cash_distribution,0.181,2026-10-10T01:42:57.484124+00:00,yfinance-1.5.2:2026-10-10T01:42:57.484124+00:00
yahoo-ticker:BIL,BIL,2009-08-03,cash_distribution,0.004,2026-10-10T01:42:54.346149+00:00,yfinance-1.5.2:2026-10-10T01:42:54.346149+00:00
yahoo-ticker:HYG,HYG,2009-08-03,cash_distribution,0.709,2026-10-10T01:42:56.450321+00:00,yfinance-1.5.2:2026-10-10T01:42:56.450321+00:00
yahoo-ticker:IEF,IEF,2009-08-03,cash_distribution,0.264,2026-10-10T01:42:57.071590+00:00,yfinance-1.5.2:2026-10-10T01:42:57.071590+00:00
yahoo-ticker:LQD,LQD,2009-08-03,cash_distribution,0.492,2026-10-10T01:42:57.875026+00:00,yfinance-1.5.2:2026-10-10T01:42:57.875026+00:00
yahoo-ticker:MBB,MBB,2009-08-03,cash_distribution,0.316,2026-10-10T01:42:58.253414+00:00,yfinance-1.5.2:2026-10-10T01:42:58.253414+00:00
yahoo-ticker:SHY,SHY,2009-08-03,cash_distribution,0.112,2026-10-10T01:42:59.247733+00:00,yfinance-1.5.2:2026-10-10T01:42:59.247733+00:00
yahoo-ticker:TIP,TIP,2009-08-03,cash_distribution,0.429,2026-10-10T01:43:00.393852+00:00,yfinance-1.5.2:2026-10-10T01:43:00.393852+00:00
yahoo-ticker:TLT,TLT,2009-08-03,cash_distribution,0.318,2026-10-10T01:43:00.768241+00:00,yfinance-1.5.2:2026-10-10T01:43:00.768241+00:00
yahoo-ticker:BIL,BIL,2009-09-01,cash_distribution,0.004,2026-10-10T01:42:54.346149+00:00,yfinance-1.5.2:2026-10-10T01:42:54.346149+00:00
yahoo-ticker:HYG,HYG,2009-09-01,cash_distribution,0.703,2026-10-10T01:42:56.450321+00:00,yfinance-1.5.2:2026-10-10T01:42:56.450321+00:00
yahoo-ticker:IEF,IEF,2009-09-01,cash_distribution,0.257,2026-10-10T01:42:57.071590+00:00,yfinance-1.5.2:2026-10-10T01:42:57.071590+00:00
yahoo-ticker:LQD,LQD,2009-09-01,cash_distribution,0.494,2026-10-10T01:42:57.875026+00:00,yfinance-1.5.2:2026-10-10T01:42:57.875026+00:00
yahoo-ticker:MBB,MBB,2009-09-01,cash_distribution,0.368,2026-10-10T01:42:58.253414+00:00,yfinance-1.5.2:2026-10-10T01:42:58.253414+00:00
yahoo-ticker:SHY,SHY,2009-09-01,cash_distribution,0.108,2026-10-10T01:42:59.247733+00:00,yfinance-1.5.2:2026-10-10T01:42:59.247733+00:00
yahoo-ticker:TIP,TIP,2009-09-01,cash_distribution,0.92,2026-10-10T01:43:00.393852+00:00,yfinance-1.5.2:2026-10-10T01:43:00.393852+00:00
yahoo-ticker:TLT,TLT,2009-09-01,cash_distribution,0.307,2026-10-10T01:43:00.768241+00:00,yfinance-1.5.2:2026-10-10T01:43:00.768241+00:00
yahoo-ticker:QQQ,QQQ,2009-09-18,cash_distribution,0.041,2026-10-10T01:42:58.808927+00:00,yfinance-1.5.2:2026-10-10T01:42:58.808927+00:00
yahoo-ticker:SPY,SPY,2009-09-18,cash_distribution,0.508,2026-10-10T01:42:59.974995+00:00,yfinance-1.5.2:2026-10-10T01:42:59.974995+00:00
yahoo-ticker:XLB,XLB,2009-09-18,cash_distribution,0.0665,2026-10-10T01:43:03.569166+00:00,yfinance-1.5.2:2026-10-10T01:43:03.569166+00:00
yahoo-ticker:XLE,XLE,2009-09-18,cash_distribution,0.123,2026-10-10T01:43:04.018451+00:00,yfinance-1.5.2:2026-10-10T01:43:04.018451+00:00
yahoo-ticker:XLF,XLF,2009-09-18,cash_distribution,0.03818,2026-10-10T01:43:04.466526+00:00,yfinance-1.5.2:2026-10-10T01:43:04.466526+00:00
yahoo-ticker:XLI,XLI,2009-09-18,cash_distribution,0.144,2026-10-10T01:43:04.894763+00:00,yfinance-1.5.2:2026-10-10T01:43:04.894763+00:00
yahoo-ticker:XLK,XLK,2009-09-18,cash_distribution,0.0385,2026-10-10T01:43:05.330588+00:00,yfinance-1.5.2:2026-10-10T01:43:05.330588+00:00
yahoo-ticker:XLP,XLP,2009-09-18,cash_distribution,0.179,2026-10-10T01:43:05.749242+00:00,yfinance-1.5.2:2026-10-10T01:43:05.749242+00:00
yahoo-ticker:XLU,XLU,2009-09-18,cash_distribution,0.1525,2026-10-10T01:43:06.185048+00:00,yfinance-1.5.2:2026-10-10T01:43:06.185048+00:00
yahoo-ticker:XLV,XLV,2009-09-18,cash_distribution,0.127,2026-10-10T01:43:06.570262+00:00,yfinance-1.5.2:2026-10-10T01:43:06.570262+00:00
yahoo-ticker:XLY,XLY,2009-09-18,cash_distribution,0.045,2026-10-10T01:43:07.010195+00:00,yfinance-1.5.2:2026-10-10T01:43:07.010195+00:00
yahoo-ticker:IWM,IWM,2009-09-22,cash_distribution,0.145,2026-10-10T01:42:57.484124+00:00,yfinance-1.5.2:2026-10-10T01:42:57.484124+00:00
yahoo-ticker:VNQ,VNQ,2009-09-24,cash_distribution,0.417,2026-10-10T01:43:02.060468+00:00,yfinance-1.5.2:2026-10-10T01:43:02.060468+00:00
yahoo-ticker:VTV,VTV,2009-09-24,cash_distribution,0.3,2026-10-10T01:43:02.424133+00:00,yfinance-1.5.2:2026-10-10T01:43:02.424133+00:00
yahoo-ticker:VUG,VUG,2009-09-24,cash_distribution,0.023667,2026-10-10T01:43:02.762619+00:00,yfinance-1.5.2:2026-10-10T01:43:02.762619+00:00
yahoo-ticker:BIL,BIL,2009-10-01,cash_distribution,0.004,2026-10-10T01:42:54.346149+00:00,yfinance-1.5.2:2026-10-10T01:42:54.346149+00:00
yahoo-ticker:HYG,HYG,2009-10-01,cash_distribution,0.705,2026-10-10T01:42:56.450321+00:00,yfinance-1.5.2:2026-10-10T01:42:56.450321+00:00
yahoo-ticker:IEF,IEF,2009-10-01,cash_distribution,0.253,2026-10-10T01:42:57.071590+00:00,yfinance-1.5.2:2026-10-10T01:42:57.071590+00:00
yahoo-ticker:LQD,LQD,2009-10-01,cash_distribution,0.472,2026-10-10T01:42:57.875026+00:00,yfinance-1.5.2:2026-10-10T01:42:57.875026+00:00
yahoo-ticker:MBB,MBB,2009-10-01,cash_distribution,0.363,2026-10-10T01:42:58.253414+00:00,yfinance-1.5.2:2026-10-10T01:42:58.253414+00:00
yahoo-ticker:SHY,SHY,2009-10-01,cash_distribution,0.104,2026-10-10T01:42:59.247733+00:00,yfinance-1.5.2:2026-10-10T01:42:59.247733+00:00
yahoo-ticker:TIP,TIP,2009-10-01,cash_distribution,0.047,2026-10-10T01:43:00.393852+00:00,yfinance-1.5.2:2026-10-10T01:43:00.393852+00:00
yahoo-ticker:TLT,TLT,2009-10-01,cash_distribution,0.307,2026-10-10T01:43:00.768241+00:00,yfinance-1.5.2:2026-10-10T01:43:00.768241+00:00
yahoo-ticker:BIL,BIL,2009-11-02,cash_distribution,0.002,2026-10-10T01:42:54.346149+00:00,yfinance-1.5.2:2026-10-10T01:42:54.346149+00:00
yahoo-ticker:HYG,HYG,2009-11-02,cash_distribution,0.703,2026-10-10T01:42:56.450321+00:00,yfinance-1.5.2:2026-10-10T01:42:56.450321+00:00
yahoo-ticker:IEF,IEF,2009-11-02,cash_distribution,0.77,2026-10-10T01:42:57.071590+00:00,yfinance-1.5.2:2026-10-10T01:42:57.071590+00:00
yahoo-ticker:LQD,LQD,2009-11-02,cash_distribution,0.484,2026-10-10T01:42:57.875026+00:00,yfinance-1.5.2:2026-10-10T01:42:57.875026+00:00
yahoo-ticker:MBB,MBB,2009-11-02,cash_distribution,0.373,2026-10-10T01:42:58.253414+00:00,yfinance-1.5.2:2026-10-10T01:42:58.253414+00:00
yahoo-ticker:SHY,SHY,2009-11-02,cash_distribution,0.19,2026-10-10T01:42:59.247733+00:00,yfinance-1.5.2:2026-10-10T01:42:59.247733+00:00
yahoo-ticker:TIP,TIP,2009-11-02,cash_distribution,0.342,2026-10-10T01:43:00.393852+00:00,yfinance-1.5.2:2026-10-10T01:43:00.393852+00:00
yahoo-ticker:TLT,TLT,2009-11-02,cash_distribution,0.308,2026-10-10T01:43:00.768241+00:00,yfinance-1.5.2:2026-10-10T01:43:00.768241+00:00
yahoo-ticker:HYG,HYG,2009-12-01,cash_distribution,0.622,2026-10-10T01:42:56.450321+00:00,yfinance-1.5.2:2026-10-10T01:42:56.450321+00:00
yahoo-ticker:IEF,IEF,2009-12-01,cash_distribution,0.208,2026-10-10T01:42:57.071590+00:00,yfinance-1.5.2:2026-10-10T01:42:57.071590+00:00
yahoo-ticker:LQD,LQD,2009-12-01,cash_distribution,0.456,2026-10-10T01:42:57.875026+00:00,yfinance-1.5.2:2026-10-10T01:42:57.875026+00:00
yahoo-ticker:MBB,MBB,2009-12-01,cash_distribution,0.373,2026-10-10T01:42:58.253414+00:00,yfinance-1.5.2:2026-10-10T01:42:58.253414+00:00
yahoo-ticker:SHY,SHY,2009-12-01,cash_distribution,0.581,2026-10-10T01:42:59.247733+00:00,yfinance-1.5.2:2026-10-10T01:42:59.247733+00:00
yahoo-ticker:TIP,TIP,2009-12-01,cash_distribution,0.208,2026-10-10T01:43:00.393852+00:00,yfinance-1.5.2:2026-10-10T01:43:00.393852+00:00
yahoo-ticker:TLT,TLT,2009-12-01,cash_distribution,0.307,2026-10-10T01:43:00.768241+00:00,yfinance-1.5.2:2026-10-10T01:43:00.768241+00:00
yahoo-ticker:QQQ,QQQ,2009-12-18,cash_distribution,0.073,2026-10-10T01:42:58.808927+00:00,yfinance-1.5.2:2026-10-10T01:42:58.808927+00:00
yahoo-ticker:SPY,SPY,2009-12-18,cash_distribution,0.59,2026-10-10T01:42:59.974995+00:00,yfinance-1.5.2:2026-10-10T01:42:59.974995+00:00
yahoo-ticker:XLB,XLB,2009-12-18,cash_distribution,0.0885,2026-10-10T01:43:03.569166+00:00,yfinance-1.5.2:2026-10-10T01:43:03.569166+00:00
yahoo-ticker:XLE,XLE,2009-12-18,cash_distribution,0.152,2026-10-10T01:43:04.018451+00:00,yfinance-1.5.2:2026-10-10T01:43:04.018451+00:00
yahoo-ticker:XLF,XLF,2009-12-18,cash_distribution,0.042242,2026-10-10T01:43:04.466526+00:00,yfinance-1.5.2:2026-10-10T01:43:04.466526+00:00
yahoo-ticker:XLI,XLI,2009-12-18,cash_distribution,0.181,2026-10-10T01:43:04.894763+00:00,yfinance-1.5.2:2026-10-10T01:43:04.894763+00:00
yahoo-ticker:XLK,XLK,2009-12-18,cash_distribution,0.0395,2026-10-10T01:43:05.330588+00:00,yfinance-1.5.2:2026-10-10T01:43:05.330588+00:00
yahoo-ticker:XLP,XLP,2009-12-18,cash_distribution,0.249,2026-10-10T01:43:05.749242+00:00,yfinance-1.5.2:2026-10-10T01:43:05.749242+00:00
yahoo-ticker:XLU,XLU,2009-12-18,cash_distribution,0.1845,2026-10-10T01:43:06.185048+00:00,yfinance-1.5.2:2026-10-10T01:43:06.185048+00:00
yahoo-ticker:XLV,XLV,2009-12-18,cash_distribution,0.171,2026-10-10T01:43:06.570262+00:00,yfinance-1.5.2:2026-10-10T01:43:06.570262+00:00
yahoo-ticker:XLY,XLY,2009-12-18,cash_distribution,0.0805,2026-10-10T01:43:07.010195+00:00,yfinance-1.5.2:2026-10-10T01:43:07.010195+00:00
yahoo-ticker:EEM,EEM,2009-12-22,cash_distribution,0.323,2026-10-10T01:42:55.050042+00:00,yfinance-1.5.2:2026-10-10T01:42:55.050042+00:00
yahoo-ticker:EFA,EFA,2009-12-22,cash_distribution,0.496,2026-10-10T01:42:55.419695+00:00,yfinance-1.5.2:2026-10-10T01:42:55.419695+00:00
yahoo-ticker:EWJ,EWJ,2009-12-22,cash_distribution,0.352,2026-10-10T01:42:55.842554+00:00,yfinance-1.5.2:2026-10-10T01:42:55.842554+00:00
yahoo-ticker:VTV,VTV,2009-12-22,cash_distribution,0.411,2026-10-10T01:43:02.424133+00:00,yfinance-1.5.2:2026-10-10T01:43:02.424133+00:00
yahoo-ticker:VUG,VUG,2009-12-22,cash_distribution,0.029833,2026-10-10T01:43:02.762619+00:00,yfinance-1.5.2:2026-10-10T01:43:02.762619+00:00
yahoo-ticker:IWM,IWM,2009-12-23,cash_distribution,0.253,2026-10-10T01:42:57.484124+00:00,yfinance-1.5.2:2026-10-10T01:42:57.484124+00:00
yahoo-ticker:VEA,VEA,2009-12-24,cash_distribution,0.797,2026-10-10T01:43:01.730564+00:00,yfinance-1.5.2:2026-10-10T01:43:01.730564+00:00
yahoo-ticker:VNQ,VNQ,2009-12-24,cash_distribution,0.584,2026-10-10T01:43:02.060468+00:00,yfinance-1.5.2:2026-10-10T01:43:02.060468+00:00
yahoo-ticker:VWO,VWO,2009-12-24,cash_distribution,0.545,2026-10-10T01:43:03.149780+00:00,yfinance-1.5.2:2026-10-10T01:43:03.149780+00:00
yahoo-ticker:BIL,BIL,2009-12-29,cash_distribution,0.008,2026-10-10T01:42:54.346149+00:00,yfinance-1.5.2:2026-10-10T01:42:54.346149+00:00
yahoo-ticker:EEM,EEM,2009-12-29,cash_distribution,0.012,2026-10-10T01:42:55.050042+00:00,yfinance-1.5.2:2026-10-10T01:42:55.050042+00:00
yahoo-ticker:HYG,HYG,2009-12-29,cash_distribution,0.58,2026-10-10T01:42:56.450321+00:00,yfinance-1.5.2:2026-10-10T01:42:56.450321+00:00
yahoo-ticker:IEF,IEF,2009-12-29,cash_distribution,0.164,2026-10-10T01:42:57.071590+00:00,yfinance-1.5.2:2026-10-10T01:42:57.071590+00:00
yahoo-ticker:LQD,LQD,2009-12-29,cash_distribution,0.435,2026-10-10T01:42:57.875026+00:00,yfinance-1.5.2:2026-10-10T01:42:57.875026+00:00
yahoo-ticker:MBB,MBB,2009-12-29,cash_distribution,0.311,2026-10-10T01:42:58.253414+00:00,yfinance-1.5.2:2026-10-10T01:42:58.253414+00:00
yahoo-ticker:SHY,SHY,2009-12-29,cash_distribution,0.085,2026-10-10T01:42:59.247733+00:00,yfinance-1.5.2:2026-10-10T01:42:59.247733+00:00
yahoo-ticker:TIP,TIP,2009-12-29,cash_distribution,0.239,2026-10-10T01:43:00.393852+00:00,yfinance-1.5.2:2026-10-10T01:43:00.393852+00:00
yahoo-ticker:TLT,TLT,2009-12-29,cash_distribution,0.318,2026-10-10T01:43:00.768241+00:00,yfinance-1.5.2:2026-10-10T01:43:00.768241+00:00
yahoo-ticker:HYG,HYG,2010-02-01,cash_distribution,0.663,2026-10-10T01:42:56.450321+00:00,yfinance-1.5.2:2026-10-10T01:42:56.450321+00:00
yahoo-ticker:IEF,IEF,2010-02-01,cash_distribution,0.3,2026-10-10T01:42:57.071590+00:00,yfinance-1.5.2:2026-10-10T01:42:57.071590+00:00
yahoo-ticker:LQD,LQD,2010-02-01,cash_distribution,0.452,2026-10-10T01:42:57.875026+00:00,yfinance-1.5.2:2026-10-10T01:42:57.875026+00:00
yahoo-ticker:MBB,MBB,2010-02-01,cash_distribution,0.325,2026-10-10T01:42:58.253414+00:00,yfinance-1.5.2:2026-10-10T01:42:58.253414+00:00
yahoo-ticker:SHY,SHY,2010-02-01,cash_distribution,0.084,2026-10-10T01:42:59.247733+00:00,yfinance-1.5.2:2026-10-10T01:42:59.247733+00:00
yahoo-ticker:TIP,TIP,2010-02-01,cash_distribution,0.208,2026-10-10T01:43:00.393852+00:00,yfinance-1.5.2:2026-10-10T01:43:00.393852+00:00
yahoo-ticker:TLT,TLT,2010-02-01,cash_distribution,0.325,2026-10-10T01:43:00.768241+00:00,yfinance-1.5.2:2026-10-10T01:43:00.768241+00:00
yahoo-ticker:HYG,HYG,2010-03-01,cash_distribution,0.646,2026-10-10T01:42:56.450321+00:00,yfinance-1.5.2:2026-10-10T01:42:56.450321+00:00
yahoo-ticker:IEF,IEF,2010-03-01,cash_distribution,0.244,2026-10-10T01:42:57.071590+00:00,yfinance-1.5.2:2026-10-10T01:42:57.071590+00:00
yahoo-ticker:LQD,LQD,2010-03-01,cash_distribution,0.445,2026-10-10T01:42:57.875026+00:00,yfinance-1.5.2:2026-10-10T01:42:57.875026+00:00
yahoo-ticker:MBB,MBB,2010-03-01,cash_distribution,0.378,2026-10-10T01:42:58.253414+00:00,yfinance-1.5.2:2026-10-10T01:42:58.253414+00:00
yahoo-ticker:SHY,SHY,2010-03-01,cash_distribution,0.075,2026-10-10T01:42:59.247733+00:00,yfinance-1.5.2:2026-10-10T01:42:59.247733+00:00
yahoo-ticker:TIP,TIP,2010-03-01,cash_distribution,0.004,2026-10-10T01:43:00.393852+00:00,yfinance-1.5.2:2026-10-10T01:43:00.393852+00:00
yahoo-ticker:TLT,TLT,2010-03-01,cash_distribution,0.29,2026-10-10T01:43:00.768241+00:00,yfinance-1.5.2:2026-10-10T01:43:00.768241+00:00
yahoo-ticker:QQQ,QQQ,2010-03-19,cash_distribution,0.051,2026-10-10T01:42:58.808927+00:00,yfinance-1.5.2:2026-10-10T01:42:58.808927+00:00
yahoo-ticker:SPY,SPY,2010-03-19,cash_distribution,0.48,2026-10-10T01:42:59.974995+00:00,yfinance-1.5.2:2026-10-10T01:42:59.974995+00:00
yahoo-ticker:XLB,XLB,2010-03-19,cash_distribution,0.0365,2026-10-10T01:43:03.569166+00:00,yfinance-1.5.2:2026-10-10T01:43:03.569166+00:00
yahoo-ticker:XLE,XLE,2010-03-19,cash_distribution,0.1015,2026-10-10T01:43:04.018451+00:00,yfinance-1.5.2:2026-10-10T01:43:04.018451+00:00
yahoo-ticker:XLF,XLF,2010-03-19,cash_distribution,0.029245,2026-10-10T01:43:04.466526+00:00,yfinance-1.5.2:2026-10-10T01:43:04.466526+00:00
yahoo-ticker:XLI,XLI,2010-03-19,cash_distribution,0.106,2026-10-10T01:43:04.894763+00:00,yfinance-1.5.2:2026-10-10T01:43:04.894763+00:00
yahoo-ticker:XLK,XLK,2010-03-19,cash_distribution,0.0365,2026-10-10T01:43:05.330588+00:00,yfinance-1.5.2:2026-10-10T01:43:05.330588+00:00
yahoo-ticker:XLP,XLP,2010-03-19,cash_distribution,0.118,2026-10-10T01:43:05.749242+00:00,yfinance-1.5.2:2026-10-10T01:43:05.749242+00:00
yahoo-ticker:XLU,XLU,2010-03-19,cash_distribution,0.1335,2026-10-10T01:43:06.185048+00:00,yfinance-1.5.2:2026-10-10T01:43:06.185048+00:00
yahoo-ticker:XLV,XLV,2010-03-19,cash_distribution,0.108,2026-10-10T01:43:06.570262+00:00,yfinance-1.5.2:2026-10-10T01:43:06.570262+00:00
yahoo-ticker:XLY,XLY,2010-03-19,cash_distribution,0.031,2026-10-10T01:43:07.010195+00:00,yfinance-1.5.2:2026-10-10T01:43:07.010195+00:00
yahoo-ticker:VEA,VEA,2010-03-23,cash_distribution,0.011,2026-10-10T01:43:01.730564+00:00,yfinance-1.5.2:2026-10-10T01:43:01.730564+00:00
yahoo-ticker:IWM,IWM,2010-03-24,cash_distribution,0.172,2026-10-10T01:42:57.484124+00:00,yfinance-1.5.2:2026-10-10T01:42:57.484124+00:00
yahoo-ticker:VNQ,VNQ,2010-03-25,cash_distribution,0.371,2026-10-10T01:43:02.060468+00:00,yfinance-1.5.2:2026-10-10T01:43:02.060468+00:00
yahoo-ticker:VTV,VTV,2010-03-25,cash_distribution,0.27,2026-10-10T01:43:02.424133+00:00,yfinance-1.5.2:2026-10-10T01:43:02.424133+00:00
yahoo-ticker:VUG,VUG,2010-03-25,cash_distribution,0.024167,2026-10-10T01:43:02.762619+00:00,yfinance-1.5.2:2026-10-10T01:43:02.762619+00:00
yahoo-ticker:HYG,HYG,2010-04-01,cash_distribution,0.658,2026-10-10T01:42:56.450321+00:00,yfinance-1.5.2:2026-10-10T01:42:56.450321+00:00
yahoo-ticker:IEF,IEF,2010-04-01,cash_distribution,0.255,2026-10-10T01:42:57.071590+00:00,yfinance-1.5.2:2026-10-10T01:42:57.071590+00:00
yahoo-ticker:LQD,LQD,2010-04-01,cash_distribution,0.469,2026-10-10T01:42:57.875026+00:00,yfinance-1.5.2:2026-10-10T01:42:57.875026+00:00
yahoo-ticker:MBB,MBB,2010-04-01,cash_distribution,0.316,2026-10-10T01:42:58.253414+00:00,yfinance-1.5.2:2026-10-10T01:42:58.253414+00:00
yahoo-ticker:SHY,SHY,2010-04-01,cash_distribution,0.08,2026-10-10T01:42:59.247733+00:00,yfinance-1.5.2:2026-10-10T01:42:59.247733+00:00
yahoo-ticker:TIP,TIP,2010-04-01,cash_distribution,0.442,2026-10-10T01:43:00.393852+00:00,yfinance-1.5.2:2026-10-10T01:43:00.393852+00:00
yahoo-ticker:TLT,TLT,2010-04-01,cash_distribution,0.332,2026-10-10T01:43:00.768241+00:00,yfinance-1.5.2:2026-10-10T01:43:00.768241+00:00
yahoo-ticker:HYG,HYG,2010-05-03,cash_distribution,0.64,2026-10-10T01:42:56.450321+00:00,yfinance-1.5.2:2026-10-10T01:42:56.450321+00:00
yahoo-ticker:IEF,IEF,2010-05-03,cash_distribution,0.273,2026-10-10T01:42:57.071590+00:00,yfinance-1.5.2:2026-10-10T01:42:57.071590+00:00
yahoo-ticker:LQD,LQD,2010-05-03,cash_distribution,0.452,2026-10-10T01:42:57.875026+00:00,yfinance-1.5.2:2026-10-10T01:42:57.875026+00:00
yahoo-ticker:MBB,MBB,2010-05-03,cash_distribution,0.302,2026-10-10T01:42:58.253414+00:00,yfinance-1.5.2:2026-10-10T01:42:58.253414+00:00
yahoo-ticker:SHY,SHY,2010-05-03,cash_distribution,0.078,2026-10-10T01:42:59.247733+00:00,yfinance-1.5.2:2026-10-10T01:42:59.247733+00:00
yahoo-ticker:TIP,TIP,2010-05-03,cash_distribution,0.163,2026-10-10T01:43:00.393852+00:00,yfinance-1.5.2:2026-10-10T01:43:00.393852+00:00
yahoo-ticker:TLT,TLT,2010-05-03,cash_distribution,0.32,2026-10-10T01:43:00.768241+00:00,yfinance-1.5.2:2026-10-10T01:43:00.768241+00:00
yahoo-ticker:HYG,HYG,2010-06-01,cash_distribution,0.643,2026-10-10T01:42:56.450321+00:00,yfinance-1.5.2:2026-10-10T01:42:56.450321+00:00
yahoo-ticker:IEF,IEF,2010-06-01,cash_distribution,0.26,2026-10-10T01:42:57.071590+00:00,yfinance-1.5.2:2026-10-10T01:42:57.071590+00:00
yahoo-ticker:LQD,LQD,2010-06-01,cash_distribution,0.443,2026-10-10T01:42:57.875026+00:00,yfinance-1.5.2:2026-10-10T01:42:57.875026+00:00
yahoo-ticker:MBB,MBB,2010-06-01,cash_distribution,0.334,2026-10-10T01:42:58.253414+00:00,yfinance-1.5.2:2026-10-10T01:42:58.253414+00:00
yahoo-ticker:SHY,SHY,2010-06-01,cash_distribution,0.071,2026-10-10T01:42:59.247733+00:00,yfinance-1.5.2:2026-10-10T01:42:59.247733+00:00
yahoo-ticker:TIP,TIP,2010-06-01,cash_distribution,0.541,2026-10-10T01:43:00.393852+00:00,yfinance-1.5.2:2026-10-10T01:43:00.393852+00:00
yahoo-ticker:TLT,TLT,2010-06-01,cash_distribution,0.326,2026-10-10T01:43:00.768241+00:00,yfinance-1.5.2:2026-10-10T01:43:00.768241+00:00
yahoo-ticker:QQQ,QQQ,2010-06-18,cash_distribution,0.089,2026-10-10T01:42:58.808927+00:00,yfinance-1.5.2:2026-10-10T01:42:58.808927+00:00
yahoo-ticker:SPY,SPY,2010-06-18,cash_distribution,0.531,2026-10-10T01:42:59.974995+00:00,yfinance-1.5.2:2026-10-10T01:42:59.974995+00:00
yahoo-ticker:XLB,XLB,2010-06-18,cash_distribution,0.068,2026-10-10T01:43:03.569166+00:00,yfinance-1.5.2:2026-10-10T01:43:03.569166+00:00
yahoo-ticker:XLE,XLE,2010-06-18,cash_distribution,0.126,2026-10-10T01:43:04.018451+00:00,yfinance-1.5.2:2026-10-10T01:43:04.018451+00:00
yahoo-ticker:XLF,XLF,2010-06-18,cash_distribution,0.025183,2026-10-10T01:43:04.466526+00:00,yfinance-1.5.2:2026-10-10T01:43:04.466526+00:00
yahoo-ticker:XLI,XLI,2010-06-18,cash_distribution,0.147,2026-10-10T01:43:04.894763+00:00,yfinance-1.5.2:2026-10-10T01:43:04.894763+00:00
yahoo-ticker:XLK,XLK,2010-06-18,cash_distribution,0.0395,2026-10-10T01:43:05.330588+00:00,yfinance-1.5.2:2026-10-10T01:43:05.330588+00:00
yahoo-ticker:XLP,XLP,2010-06-18,cash_distribution,0.192,2026-10-10T01:43:05.749242+00:00,yfinance-1.5.2:2026-10-10T01:43:05.749242+00:00
yahoo-ticker:XLU,XLU,2010-06-18,cash_distribution,0.1585,2026-10-10T01:43:06.185048+00:00,yfinance-1.5.2:2026-10-10T01:43:06.185048+00:00
yahoo-ticker:XLV,XLV,2010-06-18,cash_distribution,0.151,2026-10-10T01:43:06.570262+00:00,yfinance-1.5.2:2026-10-10T01:43:06.570262+00:00
yahoo-ticker:XLY,XLY,2010-06-18,cash_distribution,0.0525,2026-10-10T01:43:07.010195+00:00,yfinance-1.5.2:2026-10-10T01:43:07.010195+00:00
yahoo-ticker:EEM,EEM,2010-06-23,cash_distribution,0.262,2026-10-10T01:42:55.050042+00:00,yfinance-1.5.2:2026-10-10T01:42:55.050042+00:00
yahoo-ticker:EFA,EFA,2010-06-23,cash_distribution,0.859,2026-10-10T01:42:55.419695+00:00,yfinance-1.5.2:2026-10-10T01:42:55.419695+00:00
yahoo-ticker:EWJ,EWJ,2010-06-23,cash_distribution,0.276,2026-10-10T01:42:55.842554+00:00,yfinance-1.5.2:2026-10-10T01:42:55.842554+00:00
yahoo-ticker:IAU,IAU,2010-06-24,stock_split,10.0,2026-10-10T01:42:56.707531+00:00,yfinance-1.5.2:2026-10-10T01:42:56.707531+00:00
yahoo-ticker:VNQ,VNQ,2010-06-24,cash_distribution,0.463,2026-10-10T01:43:02.060468+00:00,yfinance-1.5.2:2026-10-10T01:43:02.060468+00:00
yahoo-ticker:VTV,VTV,2010-06-24,cash_distribution,0.307,2026-10-10T01:43:02.424133+00:00,yfinance-1.5.2:2026-10-10T01:43:02.424133+00:00
yahoo-ticker:VUG,VUG,2010-06-24,cash_distribution,0.024833,2026-10-10T01:43:02.762619+00:00,yfinance-1.5.2:2026-10-10T01:43:02.762619+00:00
yahoo-ticker:QQQ,QQQ,2010-06-25,cash_distribution,0.089,2026-10-10T01:42:58.808927+00:00,yfinance-1.5.2:2026-10-10T01:42:58.808927+00:00
yahoo-ticker:HYG,HYG,2010-07-01,cash_distribution,0.623,2026-10-10T01:42:56.450321+00:00,yfinance-1.5.2:2026-10-10T01:42:56.450321+00:00
yahoo-ticker:IEF,IEF,2010-07-01,cash_distribution,0.248,2026-10-10T01:42:57.071590+00:00,yfinance-1.5.2:2026-10-10T01:42:57.071590+00:00
yahoo-ticker:LQD,LQD,2010-07-01,cash_distribution,0.44,2026-10-10T01:42:57.875026+00:00,yfinance-1.5.2:2026-10-10T01:42:57.875026+00:00
yahoo-ticker:MBB,MBB,2010-07-01,cash_distribution,0.34,2026-10-10T01:42:58.253414+00:00,yfinance-1.5.2:2026-10-10T01:42:58.253414+00:00
yahoo-ticker:SHY,SHY,2010-07-01,cash_distribution,0.073,2026-10-10T01:42:59.247733+00:00,yfinance-1.5.2:2026-10-10T01:42:59.247733+00:00
yahoo-ticker:TIP,TIP,2010-07-01,cash_distribution,0.281,2026-10-10T01:43:00.393852+00:00,yfinance-1.5.2:2026-10-10T01:43:00.393852+00:00
yahoo-ticker:TLT,TLT,2010-07-01,cash_distribution,0.31,2026-10-10T01:43:00.768241+00:00,yfinance-1.5.2:2026-10-10T01:43:00.768241+00:00
yahoo-ticker:IWM,IWM,2010-07-02,cash_distribution,0.199,2026-10-10T01:42:57.484124+00:00,yfinance-1.5.2:2026-10-10T01:42:57.484124+00:00
yahoo-ticker:HYG,HYG,2010-08-02,cash_distribution,0.599,2026-10-10T01:42:56.450321+00:00,yfinance-1.5.2:2026-10-10T01:42:56.450321+00:00
yahoo-ticker:IEF,IEF,2010-08-02,cash_distribution,0.253,2026-10-10T01:42:57.071590+00:00,yfinance-1.5.2:2026-10-10T01:42:57.071590+00:00
yahoo-ticker:LQD,LQD,2010-08-02,cash_distribution,0.437,2026-10-10T01:42:57.875026+00:00,yfinance-1.5.2:2026-10-10T01:42:57.875026+00:00
yahoo-ticker:MBB,MBB,2010-08-02,cash_distribution,0.279,2026-10-10T01:42:58.253414+00:00,yfinance-1.5.2:2026-10-10T01:42:58.253414+00:00
yahoo-ticker:SHY,SHY,2010-08-02,cash_distribution,0.071,2026-10-10T01:42:59.247733+00:00,yfinance-1.5.2:2026-10-10T01:42:59.247733+00:00
yahoo-ticker:TIP,TIP,2010-08-02,cash_distribution,0.192,2026-10-10T01:43:00.393852+00:00,yfinance-1.5.2:2026-10-10T01:43:00.393852+00:00
yahoo-ticker:TLT,TLT,2010-08-02,cash_distribution,0.324,2026-10-10T01:43:00.768241+00:00,yfinance-1.5.2:2026-10-10T01:43:00.768241+00:00
yahoo-ticker:HYG,HYG,2010-09-01,cash_distribution,0.625,2026-10-10T01:42:56.450321+00:00,yfinance-1.5.2:2026-10-10T01:42:56.450321+00:00
yahoo-ticker:IEF,IEF,2010-09-01,cash_distribution,0.247,2026-10-10T01:42:57.071590+00:00,yfinance-1.5.2:2026-10-10T01:42:57.071590+00:00
yahoo-ticker:LQD,LQD,2010-09-01,cash_distribution,0.424,2026-10-10T01:42:57.875026+00:00,yfinance-1.5.2:2026-10-10T01:42:57.875026+00:00
yahoo-ticker:MBB,MBB,2010-09-01,cash_distribution,0.259,2026-10-10T01:42:58.253414+00:00,yfinance-1.5.2:2026-10-10T01:42:58.253414+00:00
yahoo-ticker:SHY,SHY,2010-09-01,cash_distribution,0.07,2026-10-10T01:42:59.247733+00:00,yfinance-1.5.2:2026-10-10T01:42:59.247733+00:00
yahoo-ticker:TIP,TIP,2010-09-01,cash_distribution,0.03,2026-10-10T01:43:00.393852+00:00,yfinance-1.5.2:2026-10-10T01:43:00.393852+00:00
yahoo-ticker:TLT,TLT,2010-09-01,cash_distribution,0.322,2026-10-10T01:43:00.768241+00:00,yfinance-1.5.2:2026-10-10T01:43:00.768241+00:00
yahoo-ticker:QQQ,QQQ,2010-09-17,cash_distribution,0.112,2026-10-10T01:42:58.808927+00:00,yfinance-1.5.2:2026-10-10T01:42:58.808927+00:00
yahoo-ticker:SPY,SPY,2010-09-17,cash_distribution,0.602,2026-10-10T01:42:59.974995+00:00,yfinance-1.5.2:2026-10-10T01:42:59.974995+00:00
yahoo-ticker:XLB,XLB,2010-09-17,cash_distribution,0.333,2026-10-10T01:43:03.569166+00:00,yfinance-1.5.2:2026-10-10T01:43:03.569166+00:00
yahoo-ticker:XLE,XLE,2010-09-17,cash_distribution,0.1245,2026-10-10T01:43:04.018451+00:00,yfinance-1.5.2:2026-10-10T01:43:04.018451+00:00
yahoo-ticker:XLF,XLF,2010-09-17,cash_distribution,0.026807,2026-10-10T01:43:04.466526+00:00,yfinance-1.5.2:2026-10-10T01:43:04.466526+00:00
yahoo-ticker:XLI,XLI,2010-09-17,cash_distribution,0.155,2026-10-10T01:43:04.894763+00:00,yfinance-1.5.2:2026-10-10T01:43:04.894763+00:00
yahoo-ticker:XLK,XLK,2010-09-17,cash_distribution,0.0405,2026-10-10T01:43:05.330588+00:00,yfinance-1.5.2:2026-10-10T01:43:05.330588+00:00
yahoo-ticker:XLP,XLP,2010-09-17,cash_distribution,0.197,2026-10-10T01:43:05.749242+00:00,yfinance-1.5.2:2026-10-10T01:43:05.749242+00:00
yahoo-ticker:XLU,XLU,2010-09-17,cash_distribution,0.1585,2026-10-10T01:43:06.185048+00:00,yfinance-1.5.2:2026-10-10T01:43:06.185048+00:00
yahoo-ticker:XLV,XLV,2010-09-17,cash_distribution,0.154,2026-10-10T01:43:06.570262+00:00,yfinance-1.5.2:2026-10-10T01:43:06.570262+00:00
yahoo-ticker:XLY,XLY,2010-09-17,cash_distribution,0.0525,2026-10-10T01:43:07.010195+00:00,yfinance-1.5.2:2026-10-10T01:43:07.010195+00:00
yahoo-ticker:IWM,IWM,2010-09-23,cash_distribution,0.165,2026-10-10T01:42:57.484124+00:00,yfinance-1.5.2:2026-10-10T01:42:57.484124+00:00
yahoo-ticker:VNQ,VNQ,2010-09-24,cash_distribution,0.462,2026-10-10T01:43:02.060468+00:00,yfinance-1.5.2:2026-10-10T01:43:02.060468+00:00
yahoo-ticker:VTV,VTV,2010-09-24,cash_distribution,0.327,2026-10-10T01:43:02.424133+00:00,yfinance-1.5.2:2026-10-10T01:43:02.424133+00:00
yahoo-ticker:VUG,VUG,2010-09-24,cash_distribution,0.033833,2026-10-10T01:43:02.762619+00:00,yfinance-1.5.2:2026-10-10T01:43:02.762619+00:00
yahoo-ticker:HYG,HYG,2010-10-01,cash_distribution,0.587,2026-10-10T01:42:56.450321+00:00,yfinance-1.5.2:2026-10-10T01:42:56.450321+00:00
yahoo-ticker:IEF,IEF,2010-10-01,cash_distribution,0.233,2026-10-10T01:42:57.071590+00:00,yfinance-1.5.2:2026-10-10T01:42:57.071590+00:00
yahoo-ticker:LQD,LQD,2010-10-01,cash_distribution,0.434,2026-10-10T01:42:57.875026+00:00,yfinance-1.5.2:2026-10-10T01:42:57.875026+00:00
yahoo-ticker:MBB,MBB,2010-10-01,cash_distribution,0.301,2026-10-10T01:42:58.253414+00:00,yfinance-1.5.2:2026-10-10T01:42:58.253414+00:00
yahoo-ticker:SHY,SHY,2010-10-01,cash_distribution,0.065,2026-10-10T01:42:59.247733+00:00,yfinance-1.5.2:2026-10-10T01:42:59.247733+00:00
yahoo-ticker:TIP,TIP,2010-10-01,cash_distribution,0.135,2026-10-10T01:43:00.393852+00:00,yfinance-1.5.2:2026-10-10T01:43:00.393852+00:00
yahoo-ticker:TLT,TLT,2010-10-01,cash_distribution,0.392,2026-10-10T01:43:00.768241+00:00,yfinance-1.5.2:2026-10-10T01:43:00.768241+00:00
yahoo-ticker:HYG,HYG,2010-11-01,cash_distribution,0.601,2026-10-10T01:42:56.450321+00:00,yfinance-1.5.2:2026-10-10T01:42:56.450321+00:00
yahoo-ticker:IEF,IEF,2010-11-01,cash_distribution,0.235,2026-10-10T01:42:57.071590+00:00,yfinance-1.5.2:2026-10-10T01:42:57.071590+00:00
yahoo-ticker:LQD,LQD,2010-11-01,cash_distribution,0.432,2026-10-10T01:42:57.875026+00:00,yfinance-1.5.2:2026-10-10T01:42:57.875026+00:00
yahoo-ticker:MBB,MBB,2010-11-01,cash_distribution,0.214,2026-10-10T01:42:58.253414+00:00,yfinance-1.5.2:2026-10-10T01:42:58.253414+00:00
yahoo-ticker:SHY,SHY,2010-11-01,cash_distribution,0.067,2026-10-10T01:42:59.247733+00:00,yfinance-1.5.2:2026-10-10T01:42:59.247733+00:00
yahoo-ticker:TIP,TIP,2010-11-01,cash_distribution,0.255,2026-10-10T01:43:00.393852+00:00,yfinance-1.5.2:2026-10-10T01:43:00.393852+00:00
yahoo-ticker:TLT,TLT,2010-11-01,cash_distribution,0.319,2026-10-10T01:43:00.768241+00:00,yfinance-1.5.2:2026-10-10T01:43:00.768241+00:00
yahoo-ticker:HYG,HYG,2010-12-01,cash_distribution,0.588,2026-10-10T01:42:56.450321+00:00,yfinance-1.5.2:2026-10-10T01:42:56.450321+00:00
yahoo-ticker:IEF,IEF,2010-12-01,cash_distribution,0.239,2026-10-10T01:42:57.071590+00:00,yfinance-1.5.2:2026-10-10T01:42:57.071590+00:00
yahoo-ticker:LQD,LQD,2010-12-01,cash_distribution,0.426,2026-10-10T01:42:57.875026+00:00,yfinance-1.5.2:2026-10-10T01:42:57.875026+00:00
yahoo-ticker:MBB,MBB,2010-12-01,cash_distribution,2.864,2026-10-10T01:42:58.253414+00:00,yfinance-1.5.2:2026-10-10T01:42:58.253414+00:00
yahoo-ticker:SHY,SHY,2010-12-01,cash_distribution,0.064,2026-10-10T01:42:59.247733+00:00,yfinance-1.5.2:2026-10-10T01:42:59.247733+00:00
yahoo-ticker:TIP,TIP,2010-12-01,cash_distribution,0.179,2026-10-10T01:43:00.393852+00:00,yfinance-1.5.2:2026-10-10T01:43:00.393852+00:00
yahoo-ticker:TLT,TLT,2010-12-01,cash_distribution,0.34,2026-10-10T01:43:00.768241+00:00,yfinance-1.5.2:2026-10-10T01:43:00.768241+00:00
yahoo-ticker:QQQ,QQQ,2010-12-17,cash_distribution,0.108,2026-10-10T01:42:58.808927+00:00,yfinance-1.5.2:2026-10-10T01:42:58.808927+00:00
yahoo-ticker:SPY,SPY,2010-12-17,cash_distribution,0.653,2026-10-10T01:42:59.974995+00:00,yfinance-1.5.2:2026-10-10T01:42:59.974995+00:00
yahoo-ticker:XLB,XLB,2010-12-17,cash_distribution,0.1515,2026-10-10T01:43:03.569166+00:00,yfinance-1.5.2:2026-10-10T01:43:03.569166+00:00
yahoo-ticker:XLE,XLE,2010-12-17,cash_distribution,0.1465,2026-10-10T01:43:04.018451+00:00,yfinance-1.5.2:2026-10-10T01:43:04.018451+00:00
yahoo-ticker:XLF,XLF,2010-12-17,cash_distribution,0.045491,2026-10-10T01:43:04.466526+00:00,yfinance-1.5.2:2026-10-10T01:43:04.466526+00:00
yahoo-ticker:XLI,XLI,2010-12-17,cash_distribution,0.177,2026-10-10T01:43:04.894763+00:00,yfinance-1.5.2:2026-10-10T01:43:04.894763+00:00
yahoo-ticker:XLK,XLK,2010-12-17,cash_distribution,0.045,2026-10-10T01:43:05.330588+00:00,yfinance-1.5.2:2026-10-10T01:43:05.330588+00:00
yahoo-ticker:XLP,XLP,2010-12-17,cash_distribution,0.256,2026-10-10T01:43:05.749242+00:00,yfinance-1.5.2:2026-10-10T01:43:05.749242+00:00
yahoo-ticker:XLU,XLU,2010-12-17,cash_distribution,0.1855,2026-10-10T01:43:06.185048+00:00,yfinance-1.5.2:2026-10-10T01:43:06.185048+00:00
yahoo-ticker:XLV,XLV,2010-12-17,cash_distribution,0.164,2026-10-10T01:43:06.570262+00:00,yfinance-1.5.2:2026-10-10T01:43:06.570262+00:00
yahoo-ticker:XLY,XLY,2010-12-17,cash_distribution,0.11,2026-10-10T01:43:07.010195+00:00,yfinance-1.5.2:2026-10-10T01:43:07.010195+00:00
yahoo-ticker:EEM,EEM,2010-12-21,cash_distribution,0.359,2026-10-10T01:42:55.050042+00:00,yfinance-1.5.2:2026-10-10T01:42:55.050042+00:00
yahoo-ticker:EFA,EFA,2010-12-21,cash_distribution,0.538,2026-10-10T01:42:55.419695+00:00,yfinance-1.5.2:2026-10-10T01:42:55.419695+00:00
yahoo-ticker:EWJ,EWJ,2010-12-21,cash_distribution,0.292,2026-10-10T01:42:55.842554+00:00,yfinance-1.5.2:2026-10-10T01:42:55.842554+00:00
yahoo-ticker:IWM,IWM,2010-12-22,cash_distribution,0.357,2026-10-10T01:42:57.484124+00:00,yfinance-1.5.2:2026-10-10T01:42:57.484124+00:00
yahoo-ticker:VEA,VEA,2010-12-22,cash_distribution,0.886,2026-10-10T01:43:01.730564+00:00,yfinance-1.5.2:2026-10-10T01:43:01.730564+00:00
yahoo-ticker:VWO,VWO,2010-12-22,cash_distribution,0.815,2026-10-10T01:43:03.149780+00:00,yfinance-1.5.2:2026-10-10T01:43:03.149780+00:00
yahoo-ticker:VNQ,VNQ,2010-12-27,cash_distribution,0.595,2026-10-10T01:43:02.060468+00:00,yfinance-1.5.2:2026-10-10T01:43:02.060468+00:00
yahoo-ticker:VTV,VTV,2010-12-27,cash_distribution,0.353,2026-10-10T01:43:02.424133+00:00,yfinance-1.5.2:2026-10-10T01:43:02.424133+00:00
yahoo-ticker:VUG,VUG,2010-12-27,cash_distribution,0.033833,2026-10-10T01:43:02.762619+00:00,yfinance-1.5.2:2026-10-10T01:43:02.762619+00:00
yahoo-ticker:HYG,HYG,2010-12-28,cash_distribution,0.577,2026-10-10T01:42:56.450321+00:00,yfinance-1.5.2:2026-10-10T01:42:56.450321+00:00
yahoo-ticker:IEF,IEF,2010-12-28,cash_distribution,0.248,2026-10-10T01:42:57.071590+00:00,yfinance-1.5.2:2026-10-10T01:42:57.071590+00:00
yahoo-ticker:LQD,LQD,2010-12-28,cash_distribution,0.428,2026-10-10T01:42:57.875026+00:00,yfinance-1.5.2:2026-10-10T01:42:57.875026+00:00
yahoo-ticker:MBB,MBB,2010-12-28,cash_distribution,0.342,2026-10-10T01:42:58.253414+00:00,yfinance-1.5.2:2026-10-10T01:42:58.253414+00:00
yahoo-ticker:SHY,SHY,2010-12-28,cash_distribution,0.068,2026-10-10T01:42:59.247733+00:00,yfinance-1.5.2:2026-10-10T01:42:59.247733+00:00
yahoo-ticker:TIP,TIP,2010-12-28,cash_distribution,0.263,2026-10-10T01:43:00.393852+00:00,yfinance-1.5.2:2026-10-10T01:43:00.393852+00:00
yahoo-ticker:TLT,TLT,2010-12-28,cash_distribution,0.32,2026-10-10T01:43:00.768241+00:00,yfinance-1.5.2:2026-10-10T01:43:00.768241+00:00
yahoo-ticker:EEM,EEM,2010-12-29,cash_distribution,0.025,2026-10-10T01:42:55.050042+00:00,yfinance-1.5.2:2026-10-10T01:42:55.050042+00:00
yahoo-ticker:HYG,HYG,2011-02-01,cash_distribution,0.589,2026-10-10T01:42:56.450321+00:00,yfinance-1.5.2:2026-10-10T01:42:56.450321+00:00
yahoo-ticker:IEF,IEF,2011-02-01,cash_distribution,0.235,2026-10-10T01:42:57.071590+00:00,yfinance-1.5.2:2026-10-10T01:42:57.071590+00:00
yahoo-ticker:LQD,LQD,2011-02-01,cash_distribution,0.427,2026-10-10T01:42:57.875026+00:00,yfinance-1.5.2:2026-10-10T01:42:57.875026+00:00
yahoo-ticker:MBB,MBB,2011-02-01,cash_distribution,0.341,2026-10-10T01:42:58.253414+00:00,yfinance-1.5.2:2026-10-10T01:42:58.253414+00:00
yahoo-ticker:SHY,SHY,2011-02-01,cash_distribution,0.068,2026-10-10T01:42:59.247733+00:00,yfinance-1.5.2:2026-10-10T01:42:59.247733+00:00
yahoo-ticker:TIP,TIP,2011-02-01,cash_distribution,0.164,2026-10-10T01:43:00.393852+00:00,yfinance-1.5.2:2026-10-10T01:43:00.393852+00:00
yahoo-ticker:TLT,TLT,2011-02-01,cash_distribution,0.32,2026-10-10T01:43:00.768241+00:00,yfinance-1.5.2:2026-10-10T01:43:00.768241+00:00
yahoo-ticker:HYG,HYG,2011-03-01,cash_distribution,0.579,2026-10-10T01:42:56.450321+00:00,yfinance-1.5.2:2026-10-10T01:42:56.450321+00:00
yahoo-ticker:IEF,IEF,2011-03-01,cash_distribution,0.216,2026-10-10T01:42:57.071590+00:00,yfinance-1.5.2:2026-10-10T01:42:57.071590+00:00
yahoo-ticker:LQD,LQD,2011-03-01,cash_distribution,0.432,2026-10-10T01:42:57.875026+00:00,yfinance-1.5.2:2026-10-10T01:42:57.875026+00:00
yahoo-ticker:MBB,MBB,2011-03-01,cash_distribution,0.325,2026-10-10T01:42:58.253414+00:00,yfinance-1.5.2:2026-10-10T01:42:58.253414+00:00
yahoo-ticker:SHY,SHY,2011-03-01,cash_distribution,0.061,2026-10-10T01:42:59.247733+00:00,yfinance-1.5.2:2026-10-10T01:42:59.247733+00:00
yahoo-ticker:TIP,TIP,2011-03-01,cash_distribution,0.274,2026-10-10T01:43:00.393852+00:00,yfinance-1.5.2:2026-10-10T01:43:00.393852+00:00
yahoo-ticker:TLT,TLT,2011-03-01,cash_distribution,0.297,2026-10-10T01:43:00.768241+00:00,yfinance-1.5.2:2026-10-10T01:43:00.768241+00:00
yahoo-ticker:QQQ,QQQ,2011-03-18,cash_distribution,0.077,2026-10-10T01:42:58.808927+00:00,yfinance-1.5.2:2026-10-10T01:42:58.808927+00:00
yahoo-ticker:SPY,SPY,2011-03-18,cash_distribution,0.553,2026-10-10T01:42:59.974995+00:00,yfinance-1.5.2:2026-10-10T01:42:59.974995+00:00
yahoo-ticker:XLB,XLB,2011-03-18,cash_distribution,0.062,2026-10-10T01:43:03.569166+00:00,yfinance-1.5.2:2026-10-10T01:43:03.569166+00:00
yahoo-ticker:XLE,XLE,2011-03-18,cash_distribution,0.1275,2026-10-10T01:43:04.018451+00:00,yfinance-1.5.2:2026-10-10T01:43:04.018451+00:00
yahoo-ticker:XLF,XLF,2011-03-18,cash_distribution,0.034119,2026-10-10T01:43:04.466526+00:00,yfinance-1.5.2:2026-10-10T01:43:04.466526+00:00
yahoo-ticker:XLI,XLI,2011-03-18,cash_distribution,0.157,2026-10-10T01:43:04.894763+00:00,yfinance-1.5.2:2026-10-10T01:43:04.894763+00:00
yahoo-ticker:XLK,XLK,2011-03-18,cash_distribution,0.042,2026-10-10T01:43:05.330588+00:00,yfinance-1.5.2:2026-10-10T01:43:05.330588+00:00
yahoo-ticker:XLP,XLP,2011-03-18,cash_distribution,0.164,2026-10-10T01:43:05.749242+00:00,yfinance-1.5.2:2026-10-10T01:43:05.749242+00:00
yahoo-ticker:XLU,XLU,2011-03-18,cash_distribution,0.1515,2026-10-10T01:43:06.185048+00:00,yfinance-1.5.2:2026-10-10T01:43:06.185048+00:00
yahoo-ticker:XLV,XLV,2011-03-18,cash_distribution,0.145,2026-10-10T01:43:06.570262+00:00,yfinance-1.5.2:2026-10-10T01:43:06.570262+00:00
yahoo-ticker:XLY,XLY,2011-03-18,cash_distribution,0.063,2026-10-10T01:43:07.010195+00:00,yfinance-1.5.2:2026-10-10T01:43:07.010195+00:00
yahoo-ticker:VEA,VEA,2011-03-23,cash_distribution,0.012,2026-10-10T01:43:01.730564+00:00,yfinance-1.5.2:2026-10-10T01:43:01.730564+00:00
yahoo-ticker:IWM,IWM,2011-03-24,cash_distribution,0.169,2026-10-10T01:42:57.484124+00:00,yfinance-1.5.2:2026-10-10T01:42:57.484124+00:00
yahoo-ticker:VNQ,VNQ,2011-03-25,cash_distribution,0.412,2026-10-10T01:43:02.060468+00:00,yfinance-1.5.2:2026-10-10T01:43:02.060468+00:00
yahoo-ticker:VTV,VTV,2011-03-25,cash_distribution,0.317,2026-10-10T01:43:02.424133+00:00,yfinance-1.5.2:2026-10-10T01:43:02.424133+00:00
yahoo-ticker:VUG,VUG,2011-03-25,cash_distribution,0.028333,2026-10-10T01:43:02.762619+00:00,yfinance-1.5.2:2026-10-10T01:43:02.762619+00:00
yahoo-ticker:HYG,HYG,2011-04-01,cash_distribution,0.57,2026-10-10T01:42:56.450321+00:00,yfinance-1.5.2:2026-10-10T01:42:56.450321+00:00
yahoo-ticker:IEF,IEF,2011-04-01,cash_distribution,0.248,2026-10-10T01:42:57.071590+00:00,yfinance-1.5.2:2026-10-10T01:42:57.071590+00:00
yahoo-ticker:LQD,LQD,2011-04-01,cash_distribution,0.429,2026-10-10T01:42:57.875026+00:00,yfinance-1.5.2:2026-10-10T01:42:57.875026+00:00
yahoo-ticker:MBB,MBB,2011-04-01,cash_distribution,0.299,2026-10-10T01:42:58.253414+00:00,yfinance-1.5.2:2026-10-10T01:42:58.253414+00:00
yahoo-ticker:SHY,SHY,2011-04-01,cash_distribution,0.067,2026-10-10T01:42:59.247733+00:00,yfinance-1.5.2:2026-10-10T01:42:59.247733+00:00
yahoo-ticker:TIP,TIP,2011-04-01,cash_distribution,0.582,2026-10-10T01:43:00.393852+00:00,yfinance-1.5.2:2026-10-10T01:43:00.393852+00:00
yahoo-ticker:TLT,TLT,2011-04-01,cash_distribution,0.386,2026-10-10T01:43:00.768241+00:00,yfinance-1.5.2:2026-10-10T01:43:00.768241+00:00
yahoo-ticker:HYG,HYG,2011-05-02,cash_distribution,0.573,2026-10-10T01:42:56.450321+00:00,yfinance-1.5.2:2026-10-10T01:42:56.450321+00:00
yahoo-ticker:IEF,IEF,2011-05-02,cash_distribution,0.241,2026-10-10T01:42:57.071590+00:00,yfinance-1.5.2:2026-10-10T01:42:57.071590+00:00
yahoo-ticker:LQD,LQD,2011-05-02,cash_distribution,0.427,2026-10-10T01:42:57.875026+00:00,yfinance-1.5.2:2026-10-10T01:42:57.875026+00:00
yahoo-ticker:MBB,MBB,2011-05-02,cash_distribution,0.305,2026-10-10T01:42:58.253414+00:00,yfinance-1.5.2:2026-10-10T01:42:58.253414+00:00
yahoo-ticker:SHY,SHY,2011-05-02,cash_distribution,0.066,2026-10-10T01:42:59.247733+00:00,yfinance-1.5.2:2026-10-10T01:42:59.247733+00:00
yahoo-ticker:TIP,TIP,2011-05-02,cash_distribution,0.594,2026-10-10T01:43:00.393852+00:00,yfinance-1.5.2:2026-10-10T01:43:00.393852+00:00
yahoo-ticker:TLT,TLT,2011-05-02,cash_distribution,0.4,2026-10-10T01:43:00.768241+00:00,yfinance-1.5.2:2026-10-10T01:43:00.768241+00:00
yahoo-ticker:HYG,HYG,2011-06-01,cash_distribution,0.566,2026-10-10T01:42:56.450321+00:00,yfinance-1.5.2:2026-10-10T01:42:56.450321+00:00
yahoo-ticker:IEF,IEF,2011-06-01,cash_distribution,0.244,2026-10-10T01:42:57.071590+00:00,yfinance-1.5.2:2026-10-10T01:42:57.071590+00:00
yahoo-ticker:LQD,LQD,2011-06-01,cash_distribution,0.425,2026-10-10T01:42:57.875026+00:00,yfinance-1.5.2:2026-10-10T01:42:57.875026+00:00
yahoo-ticker:MBB,MBB,2011-06-01,cash_distribution,0.288,2026-10-10T01:42:58.253414+00:00,yfinance-1.5.2:2026-10-10T01:42:58.253414+00:00
yahoo-ticker:SHY,SHY,2011-06-01,cash_distribution,0.066,2026-10-10T01:42:59.247733+00:00,yfinance-1.5.2:2026-10-10T01:42:59.247733+00:00
yahoo-ticker:TIP,TIP,2011-06-01,cash_distribution,1.049,2026-10-10T01:43:00.393852+00:00,yfinance-1.5.2:2026-10-10T01:43:00.393852+00:00
yahoo-ticker:TLT,TLT,2011-06-01,cash_distribution,0.352,2026-10-10T01:43:00.768241+00:00,yfinance-1.5.2:2026-10-10T01:43:00.768241+00:00
yahoo-ticker:QQQ,QQQ,2011-06-17,cash_distribution,0.121,2026-10-10T01:42:58.808927+00:00,yfinance-1.5.2:2026-10-10T01:42:58.808927+00:00
yahoo-ticker:SPY,SPY,2011-06-17,cash_distribution,0.628,2026-10-10T01:42:59.974995+00:00,yfinance-1.5.2:2026-10-10T01:42:59.974995+00:00
yahoo-ticker:XLB,XLB,2011-06-17,cash_distribution,0.1025,2026-10-10T01:43:03.569166+00:00,yfinance-1.5.2:2026-10-10T01:43:03.569166+00:00
yahoo-ticker:XLE,XLE,2011-06-17,cash_distribution,0.1325,2026-10-10T01:43:04.018451+00:00,yfinance-1.5.2:2026-10-10T01:43:04.018451+00:00
yahoo-ticker:XLF,XLF,2011-06-17,cash_distribution,0.043054,2026-10-10T01:43:04.466526+00:00,yfinance-1.5.2:2026-10-10T01:43:04.466526+00:00
yahoo-ticker:XLI,XLI,2011-06-17,cash_distribution,0.175,2026-10-10T01:43:04.894763+00:00,yfinance-1.5.2:2026-10-10T01:43:04.894763+00:00
yahoo-ticker:XLK,XLK,2011-06-17,cash_distribution,0.049,2026-10-10T01:43:05.330588+00:00,yfinance-1.5.2:2026-10-10T01:43:05.330588+00:00
yahoo-ticker:XLP,XLP,2011-06-17,cash_distribution,0.217,2026-10-10T01:43:05.749242+00:00,yfinance-1.5.2:2026-10-10T01:43:05.749242+00:00
yahoo-ticker:XLU,XLU,2011-06-17,cash_distribution,0.167,2026-10-10T01:43:06.185048+00:00,yfinance-1.5.2:2026-10-10T01:43:06.185048+00:00
yahoo-ticker:XLV,XLV,2011-06-17,cash_distribution,0.17,2026-10-10T01:43:06.570262+00:00,yfinance-1.5.2:2026-10-10T01:43:06.570262+00:00
yahoo-ticker:XLY,XLY,2011-06-17,cash_distribution,0.0665,2026-10-10T01:43:07.010195+00:00,yfinance-1.5.2:2026-10-10T01:43:07.010195+00:00
yahoo-ticker:EEM,EEM,2011-06-22,cash_distribution,0.461,2026-10-10T01:42:55.050042+00:00,yfinance-1.5.2:2026-10-10T01:42:55.050042+00:00
yahoo-ticker:EFA,EFA,2011-06-22,cash_distribution,1.141,2026-10-10T01:42:55.419695+00:00,yfinance-1.5.2:2026-10-10T01:42:55.419695+00:00
yahoo-ticker:EWJ,EWJ,2011-06-22,cash_distribution,0.352,2026-10-10T01:42:55.842554+00:00,yfinance-1.5.2:2026-10-10T01:42:55.842554+00:00
yahoo-ticker:VNQ,VNQ,2011-06-24,cash_distribution,0.499,2026-10-10T01:43:02.060468+00:00,yfinance-1.5.2:2026-10-10T01:43:02.060468+00:00
yahoo-ticker:VTV,VTV,2011-06-24,cash_distribution,0.32,2026-10-10T01:43:02.424133+00:00,yfinance-1.5.2:2026-10-10T01:43:02.424133+00:00
yahoo-ticker:VUG,VUG,2011-06-24,cash_distribution,0.0325,2026-10-10T01:43:02.762619+00:00,yfinance-1.5.2:2026-10-10T01:43:02.762619+00:00
yahoo-ticker:HYG,HYG,2011-07-01,cash_distribution,0.582,2026-10-10T01:42:56.450321+00:00,yfinance-1.5.2:2026-10-10T01:42:56.450321+00:00
yahoo-ticker:IEF,IEF,2011-07-01,cash_distribution,0.231,2026-10-10T01:42:57.071590+00:00,yfinance-1.5.2:2026-10-10T01:42:57.071590+00:00
yahoo-ticker:LQD,LQD,2011-07-01,cash_distribution,0.426,2026-10-10T01:42:57.875026+00:00,yfinance-1.5.2:2026-10-10T01:42:57.875026+00:00
yahoo-ticker:MBB,MBB,2011-07-01,cash_distribution,0.322,2026-10-10T01:42:58.253414+00:00,yfinance-1.5.2:2026-10-10T01:42:58.253414+00:00
yahoo-ticker:SHY,SHY,2011-07-01,cash_distribution,0.061,2026-10-10T01:42:59.247733+00:00,yfinance-1.5.2:2026-10-10T01:42:59.247733+00:00
yahoo-ticker:TIP,TIP,2011-07-01,cash_distribution,0.755,2026-10-10T01:43:00.393852+00:00,yfinance-1.5.2:2026-10-10T01:43:00.393852+00:00
yahoo-ticker:TLT,TLT,2011-07-01,cash_distribution,0.32,2026-10-10T01:43:00.768241+00:00,yfinance-1.5.2:2026-10-10T01:43:00.768241+00:00
yahoo-ticker:IWM,IWM,2011-07-05,cash_distribution,0.252,2026-10-10T01:42:57.484124+00:00,yfinance-1.5.2:2026-10-10T01:42:57.484124+00:00
yahoo-ticker:HYG,HYG,2011-08-01,cash_distribution,0.551,2026-10-10T01:42:56.450321+00:00,yfinance-1.5.2:2026-10-10T01:42:56.450321+00:00
yahoo-ticker:IEF,IEF,2011-08-01,cash_distribution,0.238,2026-10-10T01:42:57.071590+00:00,yfinance-1.5.2:2026-10-10T01:42:57.071590+00:00
yahoo-ticker:LQD,LQD,2011-08-01,cash_distribution,0.421,2026-10-10T01:42:57.875026+00:00,yfinance-1.5.2:2026-10-10T01:42:57.875026+00:00
yahoo-ticker:MBB,MBB,2011-08-01,cash_distribution,0.337,2026-10-10T01:42:58.253414+00:00,yfinance-1.5.2:2026-10-10T01:42:58.253414+00:00
yahoo-ticker:SHY,SHY,2011-08-01,cash_distribution,0.061,2026-10-10T01:42:59.247733+00:00,yfinance-1.5.2:2026-10-10T01:42:59.247733+00:00
yahoo-ticker:TIP,TIP,2011-08-01,cash_distribution,0.581,2026-10-10T01:43:00.393852+00:00,yfinance-1.5.2:2026-10-10T01:43:00.393852+00:00
yahoo-ticker:TLT,TLT,2011-08-01,cash_distribution,0.325,2026-10-10T01:43:00.768241+00:00,yfinance-1.5.2:2026-10-10T01:43:00.768241+00:00
yahoo-ticker:HYG,HYG,2011-09-01,cash_distribution,0.563,2026-10-10T01:42:56.450321+00:00,yfinance-1.5.2:2026-10-10T01:42:56.450321+00:00
yahoo-ticker:IEF,IEF,2011-09-01,cash_distribution,0.229,2026-10-10T01:42:57.071590+00:00,yfinance-1.5.2:2026-10-10T01:42:57.071590+00:00
yahoo-ticker:LQD,LQD,2011-09-01,cash_distribution,0.413,2026-10-10T01:42:57.875026+00:00,yfinance-1.5.2:2026-10-10T01:42:57.875026+00:00
yahoo-ticker:MBB,MBB,2011-09-01,cash_distribution,0.282,2026-10-10T01:42:58.253414+00:00,yfinance-1.5.2:2026-10-10T01:42:58.253414+00:00
yahoo-ticker:SHY,SHY,2011-09-01,cash_distribution,0.054,2026-10-10T01:42:59.247733+00:00,yfinance-1.5.2:2026-10-10T01:42:59.247733+00:00
yahoo-ticker:TIP,TIP,2011-09-01,cash_distribution,0.01,2026-10-10T01:43:00.393852+00:00,yfinance-1.5.2:2026-10-10T01:43:00.393852+00:00
yahoo-ticker:TLT,TLT,2011-09-01,cash_distribution,0.322,2026-10-10T01:43:00.768241+00:00,yfinance-1.5.2:2026-10-10T01:43:00.768241+00:00
yahoo-ticker:QQQ,QQQ,2011-09-16,cash_distribution,0.104,2026-10-10T01:42:58.808927+00:00,yfinance-1.5.2:2026-10-10T01:42:58.808927+00:00
yahoo-ticker:SPY,SPY,2011-09-16,cash_distribution,0.625,2026-10-10T01:42:59.974995+00:00,yfinance-1.5.2:2026-10-10T01:42:59.974995+00:00
yahoo-ticker:XLB,XLB,2011-09-16,cash_distribution,0.0915,2026-10-10T01:43:03.569166+00:00,yfinance-1.5.2:2026-10-10T01:43:03.569166+00:00
yahoo-ticker:XLE,XLE,2011-09-16,cash_distribution,0.132,2026-10-10T01:43:04.018451+00:00,yfinance-1.5.2:2026-10-10T01:43:04.018451+00:00
yahoo-ticker:XLF,XLF,2011-09-16,cash_distribution,0.040617,2026-10-10T01:43:04.466526+00:00,yfinance-1.5.2:2026-10-10T01:43:04.466526+00:00
yahoo-ticker:XLI,XLI,2011-09-16,cash_distribution,0.178,2026-10-10T01:43:04.894763+00:00,yfinance-1.5.2:2026-10-10T01:43:04.894763+00:00
yahoo-ticker:XLK,XLK,2011-09-16,cash_distribution,0.047,2026-10-10T01:43:05.330588+00:00,yfinance-1.5.2:2026-10-10T01:43:05.330588+00:00
yahoo-ticker:XLP,XLP,2011-09-16,cash_distribution,0.219,2026-10-10T01:43:05.749242+00:00,yfinance-1.5.2:2026-10-10T01:43:05.749242+00:00
yahoo-ticker:XLU,XLU,2011-09-16,cash_distribution,0.1715,2026-10-10T01:43:06.185048+00:00,yfinance-1.5.2:2026-10-10T01:43:06.185048+00:00
yahoo-ticker:XLV,XLV,2011-09-16,cash_distribution,0.177,2026-10-10T01:43:06.570262+00:00,yfinance-1.5.2:2026-10-10T01:43:06.570262+00:00
yahoo-ticker:XLY,XLY,2011-09-16,cash_distribution,0.064,2026-10-10T01:43:07.010195+00:00,yfinance-1.5.2:2026-10-10T01:43:07.010195+00:00
yahoo-ticker:IWM,IWM,2011-09-23,cash_distribution,0.25,2026-10-10T01:42:57.484124+00:00,yfinance-1.5.2:2026-10-10T01:42:57.484124+00:00
yahoo-ticker:VNQ,VNQ,2011-09-23,cash_distribution,0.497,2026-10-10T01:43:02.060468+00:00,yfinance-1.5.2:2026-10-10T01:43:02.060468+00:00
yahoo-ticker:VTV,VTV,2011-09-23,cash_distribution,0.358,2026-10-10T01:43:02.424133+00:00,yfinance-1.5.2:2026-10-10T01:43:02.424133+00:00
yahoo-ticker:VUG,VUG,2011-09-23,cash_distribution,0.029,2026-10-10T01:43:02.762619+00:00,yfinance-1.5.2:2026-10-10T01:43:02.762619+00:00
yahoo-ticker:HYG,HYG,2011-10-03,cash_distribution,0.538,2026-10-10T01:42:56.450321+00:00,yfinance-1.5.2:2026-10-10T01:42:56.450321+00:00
yahoo-ticker:IEF,IEF,2011-10-03,cash_distribution,0.211,2026-10-10T01:42:57.071590+00:00,yfinance-1.5.2:2026-10-10T01:42:57.071590+00:00
yahoo-ticker:LQD,LQD,2011-10-03,cash_distribution,0.418,2026-10-10T01:42:57.875026+00:00,yfinance-1.5.2:2026-10-10T01:42:57.875026+00:00
yahoo-ticker:MBB,MBB,2011-10-03,cash_distribution,0.289,2026-10-10T01:42:58.253414+00:00,yfinance-1.5.2:2026-10-10T01:42:58.253414+00:00
yahoo-ticker:SHY,SHY,2011-10-03,cash_distribution,0.049,2026-10-10T01:42:59.247733+00:00,yfinance-1.5.2:2026-10-10T01:42:59.247733+00:00
yahoo-ticker:TIP,TIP,2011-10-03,cash_distribution,0.173,2026-10-10T01:43:00.393852+00:00,yfinance-1.5.2:2026-10-10T01:43:00.393852+00:00
yahoo-ticker:TLT,TLT,2011-10-03,cash_distribution,0.306,2026-10-10T01:43:00.768241+00:00,yfinance-1.5.2:2026-10-10T01:43:00.768241+00:00
yahoo-ticker:HYG,HYG,2011-11-01,cash_distribution,0.526,2026-10-10T01:42:56.450321+00:00,yfinance-1.5.2:2026-10-10T01:42:56.450321+00:00
yahoo-ticker:IEF,IEF,2011-11-01,cash_distribution,0.209,2026-10-10T01:42:57.071590+00:00,yfinance-1.5.2:2026-10-10T01:42:57.071590+00:00
yahoo-ticker:LQD,LQD,2011-11-01,cash_distribution,0.402,2026-10-10T01:42:57.875026+00:00,yfinance-1.5.2:2026-10-10T01:42:57.875026+00:00
yahoo-ticker:MBB,MBB,2011-11-01,cash_distribution,0.272,2026-10-10T01:42:58.253414+00:00,yfinance-1.5.2:2026-10-10T01:42:58.253414+00:00
yahoo-ticker:SHY,SHY,2011-11-01,cash_distribution,0.048,2026-10-10T01:42:59.247733+00:00,yfinance-1.5.2:2026-10-10T01:42:59.247733+00:00
yahoo-ticker:TIP,TIP,2011-11-01,cash_distribution,0.36,2026-10-10T01:43:00.393852+00:00,yfinance-1.5.2:2026-10-10T01:43:00.393852+00:00
yahoo-ticker:TLT,TLT,2011-11-01,cash_distribution,0.299,2026-10-10T01:43:00.768241+00:00,yfinance-1.5.2:2026-10-10T01:43:00.768241+00:00
yahoo-ticker:HYG,HYG,2011-12-01,cash_distribution,0.549,2026-10-10T01:42:56.450321+00:00,yfinance-1.5.2:2026-10-10T01:42:56.450321+00:00
yahoo-ticker:IEF,IEF,2011-12-01,cash_distribution,0.2,2026-10-10T01:42:57.071590+00:00,yfinance-1.5.2:2026-10-10T01:42:57.071590+00:00
yahoo-ticker:LQD,LQD,2011-12-01,cash_distribution,0.386,2026-10-10T01:42:57.875026+00:00,yfinance-1.5.2:2026-10-10T01:42:57.875026+00:00
yahoo-ticker:MBB,MBB,2011-12-01,cash_distribution,0.275,2026-10-10T01:42:58.253414+00:00,yfinance-1.5.2:2026-10-10T01:42:58.253414+00:00
yahoo-ticker:SHY,SHY,2011-12-01,cash_distribution,0.045,2026-10-10T01:42:59.247733+00:00,yfinance-1.5.2:2026-10-10T01:42:59.247733+00:00
yahoo-ticker:TIP,TIP,2011-12-01,cash_distribution,0.241,2026-10-10T01:43:00.393852+00:00,yfinance-1.5.2:2026-10-10T01:43:00.393852+00:00
yahoo-ticker:TLT,TLT,2011-12-01,cash_distribution,0.29,2026-10-10T01:43:00.768241+00:00,yfinance-1.5.2:2026-10-10T01:43:00.768241+00:00
yahoo-ticker:QQQ,QQQ,2011-12-16,cash_distribution,0.161,2026-10-10T01:42:58.808927+00:00,yfinance-1.5.2:2026-10-10T01:42:58.808927+00:00
yahoo-ticker:SPY,SPY,2011-12-16,cash_distribution,0.77,2026-10-10T01:42:59.974995+00:00,yfinance-1.5.2:2026-10-10T01:42:59.974995+00:00
yahoo-ticker:XLB,XLB,2011-12-16,cash_distribution,0.1125,2026-10-10T01:43:03.569166+00:00,yfinance-1.5.2:2026-10-10T01:43:03.569166+00:00
yahoo-ticker:XLE,XLE,2011-12-16,cash_distribution,0.1385,2026-10-10T01:43:04.018451+00:00,yfinance-1.5.2:2026-10-10T01:43:04.018451+00:00
yahoo-ticker:XLF,XLF,2011-12-16,cash_distribution,0.064988,2026-10-10T01:43:04.466526+00:00,yfinance-1.5.2:2026-10-10T01:43:04.466526+00:00
yahoo-ticker:XLI,XLI,2011-12-16,cash_distribution,0.218,2026-10-10T01:43:04.894763+00:00,yfinance-1.5.2:2026-10-10T01:43:04.894763+00:00
yahoo-ticker:XLK,XLK,2011-12-16,cash_distribution,0.0545,2026-10-10T01:43:05.330588+00:00,yfinance-1.5.2:2026-10-10T01:43:05.330588+00:00
yahoo-ticker:XLP,XLP,2011-12-16,cash_distribution,0.285,2026-10-10T01:43:05.749242+00:00,yfinance-1.5.2:2026-10-10T01:43:05.749242+00:00
yahoo-ticker:XLU,XLU,2011-12-16,cash_distribution,0.194,2026-10-10T01:43:06.185048+00:00,yfinance-1.5.2:2026-10-10T01:43:06.185048+00:00
yahoo-ticker:XLV,XLV,2011-12-16,cash_distribution,0.188,2026-10-10T01:43:06.570262+00:00,yfinance-1.5.2:2026-10-10T01:43:06.570262+00:00
yahoo-ticker:XLY,XLY,2011-12-16,cash_distribution,0.11,2026-10-10T01:43:07.010195+00:00,yfinance-1.5.2:2026-10-10T01:43:07.010195+00:00
yahoo-ticker:EEM,EEM,2011-12-20,cash_distribution,0.347,2026-10-10T01:42:55.050042+00:00,yfinance-1.5.2:2026-10-10T01:42:55.050042+00:00
yahoo-ticker:EFA,EFA,2011-12-20,cash_distribution,0.569,2026-10-10T01:42:55.419695+00:00,yfinance-1.5.2:2026-10-10T01:42:55.419695+00:00
yahoo-ticker:EWJ,EWJ,2011-12-20,cash_distribution,0.424,2026-10-10T01:42:55.842554+00:00,yfinance-1.5.2:2026-10-10T01:42:55.842554+00:00
yahoo-ticker:VEA,VEA,2011-12-21,cash_distribution,1.046,2026-10-10T01:43:01.730564+00:00,yfinance-1.5.2:2026-10-10T01:43:01.730564+00:00
yahoo-ticker:VWO,VWO,2011-12-21,cash_distribution,0.906,2026-10-10T01:43:03.149780+00:00,yfinance-1.5.2:2026-10-10T01:43:03.149780+00:00
yahoo-ticker:IWM,IWM,2011-12-22,cash_distribution,0.36,2026-10-10T01:42:57.484124+00:00,yfinance-1.5.2:2026-10-10T01:42:57.484124+00:00
yahoo-ticker:VNQ,VNQ,2011-12-23,cash_distribution,0.642,2026-10-10T01:43:02.060468+00:00,yfinance-1.5.2:2026-10-10T01:43:02.060468+00:00
yahoo-ticker:VTV,VTV,2011-12-23,cash_distribution,0.408,2026-10-10T01:43:02.424133+00:00,yfinance-1.5.2:2026-10-10T01:43:02.424133+00:00
yahoo-ticker:VUG,VUG,2011-12-23,cash_distribution,0.037833,2026-10-10T01:43:02.762619+00:00,yfinance-1.5.2:2026-10-10T01:43:02.762619+00:00
yahoo-ticker:HYG,HYG,2011-12-27,cash_distribution,0.535,2026-10-10T01:42:56.450321+00:00,yfinance-1.5.2:2026-10-10T01:42:56.450321+00:00
yahoo-ticker:IEF,IEF,2011-12-27,cash_distribution,0.189,2026-10-10T01:42:57.071590+00:00,yfinance-1.5.2:2026-10-10T01:42:57.071590+00:00
yahoo-ticker:LQD,LQD,2011-12-27,cash_distribution,0.388,2026-10-10T01:42:57.875026+00:00,yfinance-1.5.2:2026-10-10T01:42:57.875026+00:00
yahoo-ticker:MBB,MBB,2011-12-27,cash_distribution,0.267,2026-10-10T01:42:58.253414+00:00,yfinance-1.5.2:2026-10-10T01:42:58.253414+00:00
yahoo-ticker:QQQ,QQQ,2011-12-27,cash_distribution,0.049,2026-10-10T01:42:58.808927+00:00,yfinance-1.5.2:2026-10-10T01:42:58.808927+00:00
yahoo-ticker:SHY,SHY,2011-12-27,cash_distribution,0.039,2026-10-10T01:42:59.247733+00:00,yfinance-1.5.2:2026-10-10T01:42:59.247733+00:00
yahoo-ticker:TLT,TLT,2011-12-27,cash_distribution,0.38,2026-10-10T01:43:00.768241+00:00,yfinance-1.5.2:2026-10-10T01:43:00.768241+00:00
yahoo-ticker:BIL,BIL,2011-12-28,cash_distribution,0.004,2026-10-10T01:42:54.346149+00:00,yfinance-1.5.2:2026-10-10T01:42:54.346149+00:00
yahoo-ticker:HYG,HYG,2012-02-01,cash_distribution,0.507,2026-10-10T01:42:56.450321+00:00,yfinance-1.5.2:2026-10-10T01:42:56.450321+00:00
yahoo-ticker:IEF,IEF,2012-02-01,cash_distribution,0.191,2026-10-10T01:42:57.071590+00:00,yfinance-1.5.2:2026-10-10T01:42:57.071590+00:00
yahoo-ticker:LQD,LQD,2012-02-01,cash_distribution,0.391,2026-10-10T01:42:57.875026+00:00,yfinance-1.5.2:2026-10-10T01:42:57.875026+00:00
yahoo-ticker:MBB,MBB,2012-02-01,cash_distribution,0.287,2026-10-10T01:42:58.253414+00:00,yfinance-1.5.2:2026-10-10T01:42:58.253414+00:00
yahoo-ticker:SHY,SHY,2012-02-01,cash_distribution,0.031,2026-10-10T01:42:59.247733+00:00,yfinance-1.5.2:2026-10-10T01:42:59.247733+00:00
yahoo-ticker:TLT,TLT,2012-02-01,cash_distribution,0.289,2026-10-10T01:43:00.768241+00:00,yfinance-1.5.2:2026-10-10T01:43:00.768241+00:00
yahoo-ticker:HYG,HYG,2012-03-01,cash_distribution,0.537,2026-10-10T01:42:56.450321+00:00,yfinance-1.5.2:2026-10-10T01:42:56.450321+00:00
yahoo-ticker:IEF,IEF,2012-03-01,cash_distribution,0.17,2026-10-10T01:42:57.071590+00:00,yfinance-1.5.2:2026-10-10T01:42:57.071590+00:00
yahoo-ticker:LQD,LQD,2012-03-01,cash_distribution,0.403,2026-10-10T01:42:57.875026+00:00,yfinance-1.5.2:2026-10-10T01:42:57.875026+00:00
yahoo-ticker:MBB,MBB,2012-03-01,cash_distribution,0.304,2026-10-10T01:42:58.253414+00:00,yfinance-1.5.2:2026-10-10T01:42:58.253414+00:00
yahoo-ticker:SHY,SHY,2012-03-01,cash_distribution,0.035,2026-10-10T01:42:59.247733+00:00,yfinance-1.5.2:2026-10-10T01:42:59.247733+00:00
yahoo-ticker:TLT,TLT,2012-03-01,cash_distribution,0.267,2026-10-10T01:43:00.768241+00:00,yfinance-1.5.2:2026-10-10T01:43:00.768241+00:00
yahoo-ticker:QQQ,QQQ,2012-03-16,cash_distribution,0.113,2026-10-10T01:42:58.808927+00:00,yfinance-1.5.2:2026-10-10T01:42:58.808927+00:00
yahoo-ticker:SPY,SPY,2012-03-16,cash_distribution,0.614,2026-10-10T01:42:59.974995+00:00,yfinance-1.5.2:2026-10-10T01:42:59.974995+00:00
yahoo-ticker:XLB,XLB,2012-03-16,cash_distribution,0.0705,2026-10-10T01:43:03.569166+00:00,yfinance-1.5.2:2026-10-10T01:43:03.569166+00:00
yahoo-ticker:XLE,XLE,2012-03-16,cash_distribution,0.1425,2026-10-10T01:43:04.018451+00:00,yfinance-1.5.2:2026-10-10T01:43:04.018451+00:00
yahoo-ticker:XLF,XLF,2012-03-16,cash_distribution,0.040617,2026-10-10T01:43:04.466526+00:00,yfinance-1.5.2:2026-10-10T01:43:04.466526+00:00
yahoo-ticker:XLI,XLI,2012-03-16,cash_distribution,0.177,2026-10-10T01:43:04.894763+00:00,yfinance-1.5.2:2026-10-10T01:43:04.894763+00:00
yahoo-ticker:XLK,XLK,2012-03-16,cash_distribution,0.048,2026-10-10T01:43:05.330588+00:00,yfinance-1.5.2:2026-10-10T01:43:05.330588+00:00
yahoo-ticker:XLP,XLP,2012-03-16,cash_distribution,0.178,2026-10-10T01:43:05.749242+00:00,yfinance-1.5.2:2026-10-10T01:43:05.749242+00:00
yahoo-ticker:XLU,XLU,2012-03-16,cash_distribution,0.161,2026-10-10T01:43:06.185048+00:00,yfinance-1.5.2:2026-10-10T01:43:06.185048+00:00
yahoo-ticker:XLV,XLV,2012-03-16,cash_distribution,0.186,2026-10-10T01:43:06.570262+00:00,yfinance-1.5.2:2026-10-10T01:43:06.570262+00:00
yahoo-ticker:XLY,XLY,2012-03-16,cash_distribution,0.0685,2026-10-10T01:43:07.010195+00:00,yfinance-1.5.2:2026-10-10T01:43:07.010195+00:00
yahoo-ticker:VEA,VEA,2012-03-22,cash_distribution,0.011,2026-10-10T01:43:01.730564+00:00,yfinance-1.5.2:2026-10-10T01:43:01.730564+00:00
yahoo-ticker:IWM,IWM,2012-03-23,cash_distribution,0.251,2026-10-10T01:42:57.484124+00:00,yfinance-1.5.2:2026-10-10T01:42:57.484124+00:00
yahoo-ticker:VNQ,VNQ,2012-03-26,cash_distribution,0.502,2026-10-10T01:43:02.060468+00:00,yfinance-1.5.2:2026-10-10T01:43:02.060468+00:00
yahoo-ticker:VTV,VTV,2012-03-26,cash_distribution,0.342,2026-10-10T01:43:02.424133+00:00,yfinance-1.5.2:2026-10-10T01:43:02.424133+00:00
yahoo-ticker:VUG,VUG,2012-03-26,cash_distribution,0.032333,2026-10-10T01:43:02.762619+00:00,yfinance-1.5.2:2026-10-10T01:43:02.762619+00:00
yahoo-ticker:HYG,HYG,2012-04-02,cash_distribution,0.545,2026-10-10T01:42:56.450321+00:00,yfinance-1.5.2:2026-10-10T01:42:56.450321+00:00
yahoo-ticker:IEF,IEF,2012-04-02,cash_distribution,0.177,2026-10-10T01:42:57.071590+00:00,yfinance-1.5.2:2026-10-10T01:42:57.071590+00:00
yahoo-ticker:LQD,LQD,2012-04-02,cash_distribution,0.397,2026-10-10T01:42:57.875026+00:00,yfinance-1.5.2:2026-10-10T01:42:57.875026+00:00
yahoo-ticker:MBB,MBB,2012-04-02,cash_distribution,0.209,2026-10-10T01:42:58.253414+00:00,yfinance-1.5.2:2026-10-10T01:42:58.253414+00:00
yahoo-ticker:SHY,SHY,2012-04-02,cash_distribution,0.03,2026-10-10T01:42:59.247733+00:00,yfinance-1.5.2:2026-10-10T01:42:59.247733+00:00
yahoo-ticker:TIP,TIP,2012-04-02,cash_distribution,0.324,2026-10-10T01:43:00.393852+00:00,yfinance-1.5.2:2026-10-10T01:43:00.393852+00:00
yahoo-ticker:TLT,TLT,2012-04-02,cash_distribution,0.29,2026-10-10T01:43:00.768241+00:00,yfinance-1.5.2:2026-10-10T01:43:00.768241+00:00
yahoo-ticker:HYG,HYG,2012-05-01,cash_distribution,0.509,2026-10-10T01:42:56.450321+00:00,yfinance-1.5.2:2026-10-10T01:42:56.450321+00:00
yahoo-ticker:IEF,IEF,2012-05-01,cash_distribution,0.168,2026-10-10T01:42:57.071590+00:00,yfinance-1.5.2:2026-10-10T01:42:57.071590+00:00
yahoo-ticker:LQD,LQD,2012-05-01,cash_distribution,0.389,2026-10-10T01:42:57.875026+00:00,yfinance-1.5.2:2026-10-10T01:42:57.875026+00:00
yahoo-ticker:MBB,MBB,2012-05-01,cash_distribution,0.174,2026-10-10T01:42:58.253414+00:00,yfinance-1.5.2:2026-10-10T01:42:58.253414+00:00
yahoo-ticker:SHY,SHY,2012-05-01,cash_distribution,0.028,2026-10-10T01:42:59.247733+00:00,yfinance-1.5.2:2026-10-10T01:42:59.247733+00:00
yahoo-ticker:TIP,TIP,2012-05-01,cash_distribution,0.426,2026-10-10T01:43:00.393852+00:00,yfinance-1.5.2:2026-10-10T01:43:00.393852+00:00
yahoo-ticker:TLT,TLT,2012-05-01,cash_distribution,0.283,2026-10-10T01:43:00.768241+00:00,yfinance-1.5.2:2026-10-10T01:43:00.768241+00:00
yahoo-ticker:HYG,HYG,2012-06-01,cash_distribution,0.542,2026-10-10T01:42:56.450321+00:00,yfinance-1.5.2:2026-10-10T01:42:56.450321+00:00
yahoo-ticker:IEF,IEF,2012-06-01,cash_distribution,0.171,2026-10-10T01:42:57.071590+00:00,yfinance-1.5.2:2026-10-10T01:42:57.071590+00:00
yahoo-ticker:LQD,LQD,2012-06-01,cash_distribution,0.396,2026-10-10T01:42:57.875026+00:00,yfinance-1.5.2:2026-10-10T01:42:57.875026+00:00
yahoo-ticker:MBB,MBB,2012-06-01,cash_distribution,0.18,2026-10-10T01:42:58.253414+00:00,yfinance-1.5.2:2026-10-10T01:42:58.253414+00:00
yahoo-ticker:SHY,SHY,2012-06-01,cash_distribution,0.028,2026-10-10T01:42:59.247733+00:00,yfinance-1.5.2:2026-10-10T01:42:59.247733+00:00
yahoo-ticker:TIP,TIP,2012-06-01,cash_distribution,0.804,2026-10-10T01:43:00.393852+00:00,yfinance-1.5.2:2026-10-10T01:43:00.393852+00:00
yahoo-ticker:TLT,TLT,2012-06-01,cash_distribution,0.263,2026-10-10T01:43:00.768241+00:00,yfinance-1.5.2:2026-10-10T01:43:00.768241+00:00
yahoo-ticker:QQQ,QQQ,2012-06-15,cash_distribution,0.143,2026-10-10T01:42:58.808927+00:00,yfinance-1.5.2:2026-10-10T01:42:58.808927+00:00
yahoo-ticker:SPY,SPY,2012-06-15,cash_distribution,0.688,2026-10-10T01:42:59.974995+00:00,yfinance-1.5.2:2026-10-10T01:42:59.974995+00:00
yahoo-ticker:XLB,XLB,2012-06-15,cash_distribution,0.0925,2026-10-10T01:43:03.569166+00:00,yfinance-1.5.2:2026-10-10T01:43:03.569166+00:00
yahoo-ticker:XLE,XLE,2012-06-15,cash_distribution,0.1555,2026-10-10T01:43:04.018451+00:00,yfinance-1.5.2:2026-10-10T01:43:04.018451+00:00
yahoo-ticker:XLF,XLF,2012-06-15,cash_distribution,0.05524,2026-10-10T01:43:04.466526+00:00,yfinance-1.5.2:2026-10-10T01:43:04.466526+00:00
yahoo-ticker:XLI,XLI,2012-06-15,cash_distribution,0.164,2026-10-10T01:43:04.894763+00:00,yfinance-1.5.2:2026-10-10T01:43:04.894763+00:00
yahoo-ticker:XLK,XLK,2012-06-15,cash_distribution,0.0545,2026-10-10T01:43:05.330588+00:00,yfinance-1.5.2:2026-10-10T01:43:05.330588+00:00
yahoo-ticker:XLP,XLP,2012-06-15,cash_distribution,0.236,2026-10-10T01:43:05.749242+00:00,yfinance-1.5.2:2026-10-10T01:43:05.749242+00:00
yahoo-ticker:XLU,XLU,2012-06-15,cash_distribution,0.171,2026-10-10T01:43:06.185048+00:00,yfinance-1.5.2:2026-10-10T01:43:06.185048+00:00
yahoo-ticker:XLV,XLV,2012-06-15,cash_distribution,0.199,2026-10-10T01:43:06.570262+00:00,yfinance-1.5.2:2026-10-10T01:43:06.570262+00:00
yahoo-ticker:XLY,XLY,2012-06-15,cash_distribution,0.076,2026-10-10T01:43:07.010195+00:00,yfinance-1.5.2:2026-10-10T01:43:07.010195+00:00
yahoo-ticker:EEM,EEM,2012-06-21,cash_distribution,0.468,2026-10-10T01:42:55.050042+00:00,yfinance-1.5.2:2026-10-10T01:42:55.050042+00:00
yahoo-ticker:EFA,EFA,2012-06-21,cash_distribution,1.149,2026-10-10T01:42:55.419695+00:00,yfinance-1.5.2:2026-10-10T01:42:55.419695+00:00
yahoo-ticker:EWJ,EWJ,2012-06-21,cash_distribution,0.352,2026-10-10T01:42:55.842554+00:00,yfinance-1.5.2:2026-10-10T01:42:55.842554+00:00
yahoo-ticker:VNQ,VNQ,2012-06-25,cash_distribution,0.519,2026-10-10T01:43:02.060468+00:00,yfinance-1.5.2:2026-10-10T01:43:02.060468+00:00
yahoo-ticker:VTV,VTV,2012-06-25,cash_distribution,0.388,2026-10-10T01:43:02.424133+00:00,yfinance-1.5.2:2026-10-10T01:43:02.424133+00:00
yahoo-ticker:VUG,VUG,2012-06-25,cash_distribution,0.034833,2026-10-10T01:43:02.762619+00:00,yfinance-1.5.2:2026-10-10T01:43:02.762619+00:00
yahoo-ticker:IWM,IWM,2012-06-26,cash_distribution,0.377,2026-10-10T01:42:57.484124+00:00,yfinance-1.5.2:2026-10-10T01:42:57.484124+00:00
yahoo-ticker:HYG,HYG,2012-07-02,cash_distribution,0.518,2026-10-10T01:42:56.450321+00:00,yfinance-1.5.2:2026-10-10T01:42:56.450321+00:00
yahoo-ticker:IEF,IEF,2012-07-02,cash_distribution,0.16,2026-10-10T01:42:57.071590+00:00,yfinance-1.5.2:2026-10-10T01:42:57.071590+00:00
yahoo-ticker:LQD,LQD,2012-07-02,cash_distribution,0.392,2026-10-10T01:42:57.875026+00:00,yfinance-1.5.2:2026-10-10T01:42:57.875026+00:00
yahoo-ticker:MBB,MBB,2012-07-02,cash_distribution,0.19,2026-10-10T01:42:58.253414+00:00,yfinance-1.5.2:2026-10-10T01:42:58.253414+00:00
yahoo-ticker:SHY,SHY,2012-07-02,cash_distribution,0.026,2026-10-10T01:42:59.247733+00:00,yfinance-1.5.2:2026-10-10T01:42:59.247733+00:00
yahoo-ticker:TIP,TIP,2012-07-02,cash_distribution,0.354,2026-10-10T01:43:00.393852+00:00,yfinance-1.5.2:2026-10-10T01:43:00.393852+00:00
yahoo-ticker:TLT,TLT,2012-07-02,cash_distribution,0.269,2026-10-10T01:43:00.768241+00:00,yfinance-1.5.2:2026-10-10T01:43:00.768241+00:00
yahoo-ticker:HYG,HYG,2012-08-01,cash_distribution,0.505,2026-10-10T01:42:56.450321+00:00,yfinance-1.5.2:2026-10-10T01:42:56.450321+00:00
yahoo-ticker:IEF,IEF,2012-08-01,cash_distribution,0.162,2026-10-10T01:42:57.071590+00:00,yfinance-1.5.2:2026-10-10T01:42:57.071590+00:00
yahoo-ticker:LQD,LQD,2012-08-01,cash_distribution,0.385,2026-10-10T01:42:57.875026+00:00,yfinance-1.5.2:2026-10-10T01:42:57.875026+00:00
yahoo-ticker:MBB,MBB,2012-08-01,cash_distribution,0.155,2026-10-10T01:42:58.253414+00:00,yfinance-1.5.2:2026-10-10T01:42:58.253414+00:00
yahoo-ticker:SHY,SHY,2012-08-01,cash_distribution,0.026,2026-10-10T01:42:59.247733+00:00,yfinance-1.5.2:2026-10-10T01:42:59.247733+00:00
yahoo-ticker:TLT,TLT,2012-08-01,cash_distribution,0.273,2026-10-10T01:43:00.768241+00:00,yfinance-1.5.2:2026-10-10T01:43:00.768241+00:00
yahoo-ticker:HYG,HYG,2012-09-04,cash_distribution,0.508,2026-10-10T01:42:56.450321+00:00,yfinance-1.5.2:2026-10-10T01:42:56.450321+00:00
yahoo-ticker:IEF,IEF,2012-09-04,cash_distribution,0.151,2026-10-10T01:42:57.071590+00:00,yfinance-1.5.2:2026-10-10T01:42:57.071590+00:00
yahoo-ticker:LQD,LQD,2012-09-04,cash_distribution,0.385,2026-10-10T01:42:57.875026+00:00,yfinance-1.5.2:2026-10-10T01:42:57.875026+00:00
yahoo-ticker:MBB,MBB,2012-09-04,cash_distribution,0.12,2026-10-10T01:42:58.253414+00:00,yfinance-1.5.2:2026-10-10T01:42:58.253414+00:00
yahoo-ticker:SHY,SHY,2012-09-04,cash_distribution,0.024,2026-10-10T01:42:59.247733+00:00,yfinance-1.5.2:2026-10-10T01:42:59.247733+00:00
yahoo-ticker:TLT,TLT,2012-09-04,cash_distribution,0.272,2026-10-10T01:43:00.768241+00:00,yfinance-1.5.2:2026-10-10T01:43:00.768241+00:00
yahoo-ticker:QQQ,QQQ,2012-09-21,cash_distribution,0.2,2026-10-10T01:42:58.808927+00:00,yfinance-1.5.2:2026-10-10T01:42:58.808927+00:00
yahoo-ticker:SPY,SPY,2012-09-21,cash_distribution,0.779,2026-10-10T01:42:59.974995+00:00,yfinance-1.5.2:2026-10-10T01:42:59.974995+00:00
yahoo-ticker:XLB,XLB,2012-09-21,cash_distribution,0.0985,2026-10-10T01:43:03.569166+00:00,yfinance-1.5.2:2026-10-10T01:43:03.569166+00:00
yahoo-ticker:XLE,XLE,2012-09-21,cash_distribution,0.167,2026-10-10T01:43:04.018451+00:00,yfinance-1.5.2:2026-10-10T01:43:04.018451+00:00
yahoo-ticker:XLF,XLF,2012-09-21,cash_distribution,0.053615,2026-10-10T01:43:04.466526+00:00,yfinance-1.5.2:2026-10-10T01:43:04.466526+00:00
yahoo-ticker:XLI,XLI,2012-09-21,cash_distribution,0.24,2026-10-10T01:43:04.894763+00:00,yfinance-1.5.2:2026-10-10T01:43:04.894763+00:00
yahoo-ticker:XLK,XLK,2012-09-21,cash_distribution,0.065,2026-10-10T01:43:05.330588+00:00,yfinance-1.5.2:2026-10-10T01:43:05.330588+00:00
yahoo-ticker:XLP,XLP,2012-09-21,cash_distribution,0.255,2026-10-10T01:43:05.749242+00:00,yfinance-1.5.2:2026-10-10T01:43:05.749242+00:00
yahoo-ticker:XLU,XLU,2012-09-21,cash_distribution,0.1905,2026-10-10T01:43:06.185048+00:00,yfinance-1.5.2:2026-10-10T01:43:06.185048+00:00
yahoo-ticker:XLV,XLV,2012-09-21,cash_distribution,0.199,2026-10-10T01:43:06.570262+00:00,yfinance-1.5.2:2026-10-10T01:43:06.570262+00:00
yahoo-ticker:XLY,XLY,2012-09-21,cash_distribution,0.083,2026-10-10T01:43:07.010195+00:00,yfinance-1.5.2:2026-10-10T01:43:07.010195+00:00
yahoo-ticker:IWM,IWM,2012-09-24,cash_distribution,0.332,2026-10-10T01:42:57.484124+00:00,yfinance-1.5.2:2026-10-10T01:42:57.484124+00:00
yahoo-ticker:VEA,VEA,2012-09-24,cash_distribution,0.689,2026-10-10T01:43:01.730564+00:00,yfinance-1.5.2:2026-10-10T01:43:01.730564+00:00
yahoo-ticker:VNQ,VNQ,2012-09-24,cash_distribution,0.525,2026-10-10T01:43:02.060468+00:00,yfinance-1.5.2:2026-10-10T01:43:02.060468+00:00
yahoo-ticker:VTV,VTV,2012-09-24,cash_distribution,0.388,2026-10-10T01:43:02.424133+00:00,yfinance-1.5.2:2026-10-10T01:43:02.424133+00:00
yahoo-ticker:VUG,VUG,2012-09-24,cash_distribution,0.041333,2026-10-10T01:43:02.762619+00:00,yfinance-1.5.2:2026-10-10T01:43:02.762619+00:00
yahoo-ticker:VWO,VWO,2012-09-24,cash_distribution,0.525,2026-10-10T01:43:03.149780+00:00,yfinance-1.5.2:2026-10-10T01:43:03.149780+00:00
yahoo-ticker:HYG,HYG,2012-10-01,cash_distribution,0.485,2026-10-10T01:42:56.450321+00:00,yfinance-1.5.2:2026-10-10T01:42:56.450321+00:00
yahoo-ticker:IEF,IEF,2012-10-01,cash_distribution,0.141,2026-10-10T01:42:57.071590+00:00,yfinance-1.5.2:2026-10-10T01:42:57.071590+00:00
yahoo-ticker:LQD,LQD,2012-10-01,cash_distribution,0.384,2026-10-10T01:42:57.875026+00:00,yfinance-1.5.2:2026-10-10T01:42:57.875026+00:00
yahoo-ticker:MBB,MBB,2012-10-01,cash_distribution,0.128,2026-10-10T01:42:58.253414+00:00,yfinance-1.5.2:2026-10-10T01:42:58.253414+00:00
yahoo-ticker:SHY,SHY,2012-10-01,cash_distribution,0.022,2026-10-10T01:42:59.247733+00:00,yfinance-1.5.2:2026-10-10T01:42:59.247733+00:00
yahoo-ticker:TLT,TLT,2012-10-01,cash_distribution,0.26,2026-10-10T01:43:00.768241+00:00,yfinance-1.5.2:2026-10-10T01:43:00.768241+00:00
yahoo-ticker:IEF,IEF,2012-11-01,cash_distribution,0.145,2026-10-10T01:42:57.071590+00:00,yfinance-1.5.2:2026-10-10T01:42:57.071590+00:00
yahoo-ticker:TIP,TIP,2012-11-01,cash_distribution,0.292,2026-10-10T01:43:00.393852+00:00,yfinance-1.5.2:2026-10-10T01:43:00.393852+00:00
yahoo-ticker:HYG,HYG,2012-12-03,cash_distribution,0.489,2026-10-10T01:42:56.450321+00:00,yfinance-1.5.2:2026-10-10T01:42:56.450321+00:00
yahoo-ticker:IEF,IEF,2012-12-03,cash_distribution,0.137,2026-10-10T01:42:57.071590+00:00,yfinance-1.5.2:2026-10-10T01:42:57.071590+00:00
yahoo-ticker:LQD,LQD,2012-12-03,cash_distribution,0.375,2026-10-10T01:42:57.875026+00:00,yfinance-1.5.2:2026-10-10T01:42:57.875026+00:00
yahoo-ticker:MBB,MBB,2012-12-03,cash_distribution,0.329,2026-10-10T01:42:58.253414+00:00,yfinance-1.5.2:2026-10-10T01:42:58.253414+00:00
yahoo-ticker:SHY,SHY,2012-12-03,cash_distribution,0.02,2026-10-10T01:42:59.247733+00:00,yfinance-1.5.2:2026-10-10T01:42:59.247733+00:00
yahoo-ticker:TIP,TIP,2012-12-03,cash_distribution,0.485,2026-10-10T01:43:00.393852+00:00,yfinance-1.5.2:2026-10-10T01:43:00.393852+00:00
yahoo-ticker:TLT,TLT,2012-12-03,cash_distribution,0.245,2026-10-10T01:43:00.768241+00:00,yfinance-1.5.2:2026-10-10T01:43:00.768241+00:00
yahoo-ticker:EEM,EEM,2012-12-18,cash_distribution,0.262,2026-10-10T01:42:55.050042+00:00,yfinance-1.5.2:2026-10-10T01:42:55.050042+00:00
yahoo-ticker:EFA,EFA,2012-12-18,cash_distribution,0.61,2026-10-10T01:42:55.419695+00:00,yfinance-1.5.2:2026-10-10T01:42:55.419695+00:00
yahoo-ticker:EWJ,EWJ,2012-12-18,cash_distribution,0.404,2026-10-10T01:42:55.842554+00:00,yfinance-1.5.2:2026-10-10T01:42:55.842554+00:00
yahoo-ticker:IWM,IWM,2012-12-19,cash_distribution,0.727,2026-10-10T01:42:57.484124+00:00,yfinance-1.5.2:2026-10-10T01:42:57.484124+00:00
yahoo-ticker:VEA,VEA,2012-12-20,cash_distribution,0.346,2026-10-10T01:43:01.730564+00:00,yfinance-1.5.2:2026-10-10T01:43:01.730564+00:00
yahoo-ticker:VWO,VWO,2012-12-20,cash_distribution,0.45,2026-10-10T01:43:03.149780+00:00,yfinance-1.5.2:2026-10-10T01:43:03.149780+00:00
yahoo-ticker:QQQ,QQQ,2012-12-21,cash_distribution,0.367,2026-10-10T01:42:58.808927+00:00,yfinance-1.5.2:2026-10-10T01:42:58.808927+00:00
yahoo-ticker:SPY,SPY,2012-12-21,cash_distribution,1.022,2026-10-10T01:42:59.974995+00:00,yfinance-1.5.2:2026-10-10T01:42:59.974995+00:00
yahoo-ticker:XLB,XLB,2012-12-21,cash_distribution,0.165,2026-10-10T01:43:03.569166+00:00,yfinance-1.5.2:2026-10-10T01:43:03.569166+00:00
yahoo-ticker:XLE,XLE,2012-12-21,cash_distribution,0.1855,2026-10-10T01:43:04.018451+00:00,yfinance-1.5.2:2026-10-10T01:43:04.018451+00:00
yahoo-ticker:XLF,XLF,2012-12-21,cash_distribution,0.084484,2026-10-10T01:43:04.466526+00:00,yfinance-1.5.2:2026-10-10T01:43:04.466526+00:00
yahoo-ticker:XLI,XLI,2012-12-21,cash_distribution,0.28,2026-10-10T01:43:04.894763+00:00,yfinance-1.5.2:2026-10-10T01:43:04.894763+00:00
yahoo-ticker:XLK,XLK,2012-12-21,cash_distribution,0.084,2026-10-10T01:43:05.330588+00:00,yfinance-1.5.2:2026-10-10T01:43:05.330588+00:00
yahoo-ticker:XLP,XLP,2012-12-21,cash_distribution,0.398,2026-10-10T01:43:05.749242+00:00,yfinance-1.5.2:2026-10-10T01:43:05.749242+00:00
yahoo-ticker:XLU,XLU,2012-12-21,cash_distribution,0.2,2026-10-10T01:43:06.185048+00:00,yfinance-1.5.2:2026-10-10T01:43:06.185048+00:00
yahoo-ticker:XLV,XLV,2012-12-21,cash_distribution,0.219,2026-10-10T01:43:06.570262+00:00,yfinance-1.5.2:2026-10-10T01:43:06.570262+00:00
yahoo-ticker:XLY,XLY,2012-12-21,cash_distribution,0.153,2026-10-10T01:43:07.010195+00:00,yfinance-1.5.2:2026-10-10T01:43:07.010195+00:00
yahoo-ticker:VNQ,VNQ,2012-12-24,cash_distribution,0.797,2026-10-10T01:43:02.060468+00:00,yfinance-1.5.2:2026-10-10T01:43:02.060468+00:00
yahoo-ticker:VTV,VTV,2012-12-24,cash_distribution,0.49,2026-10-10T01:43:02.424133+00:00,yfinance-1.5.2:2026-10-10T01:43:02.424133+00:00
yahoo-ticker:VUG,VUG,2012-12-24,cash_distribution,0.070333,2026-10-10T01:43:02.762619+00:00,yfinance-1.5.2:2026-10-10T01:43:02.762619+00:00
yahoo-ticker:HYG,HYG,2012-12-26,cash_distribution,0.505,2026-10-10T01:42:56.450321+00:00,yfinance-1.5.2:2026-10-10T01:42:56.450321+00:00
yahoo-ticker:IEF,IEF,2012-12-26,cash_distribution,0.151,2026-10-10T01:42:57.071590+00:00,yfinance-1.5.2:2026-10-10T01:42:57.071590+00:00
yahoo-ticker:LQD,LQD,2012-12-26,cash_distribution,0.362,2026-10-10T01:42:57.875026+00:00,yfinance-1.5.2:2026-10-10T01:42:57.875026+00:00
yahoo-ticker:SHY,SHY,2012-12-26,cash_distribution,0.021,2026-10-10T01:42:59.247733+00:00,yfinance-1.5.2:2026-10-10T01:42:59.247733+00:00
yahoo-ticker:TIP,TIP,2012-12-26,cash_distribution,0.009,2026-10-10T01:43:00.393852+00:00,yfinance-1.5.2:2026-10-10T01:43:00.393852+00:00
yahoo-ticker:TLT,TLT,2012-12-26,cash_distribution,0.268,2026-10-10T01:43:00.768241+00:00,yfinance-1.5.2:2026-10-10T01:43:00.768241+00:00
yahoo-ticker:EEM,EEM,2012-12-27,cash_distribution,0.014,2026-10-10T01:42:55.050042+00:00,yfinance-1.5.2:2026-10-10T01:42:55.050042+00:00
yahoo-ticker:HYG,HYG,2013-02-01,cash_distribution,0.499,2026-10-10T01:42:56.450321+00:00,yfinance-1.5.2:2026-10-10T01:42:56.450321+00:00
yahoo-ticker:IEF,IEF,2013-02-01,cash_distribution,0.14,2026-10-10T01:42:57.071590+00:00,yfinance-1.5.2:2026-10-10T01:42:57.071590+00:00
yahoo-ticker:LQD,LQD,2013-02-01,cash_distribution,0.371,2026-10-10T01:42:57.875026+00:00,yfinance-1.5.2:2026-10-10T01:42:57.875026+00:00
yahoo-ticker:MBB,MBB,2013-02-01,cash_distribution,0.091,2026-10-10T01:42:58.253414+00:00,yfinance-1.5.2:2026-10-10T01:42:58.253414+00:00
yahoo-ticker:SHY,SHY,2013-02-01,cash_distribution,0.021,2026-10-10T01:42:59.247733+00:00,yfinance-1.5.2:2026-10-10T01:42:59.247733+00:00
yahoo-ticker:TLT,TLT,2013-02-01,cash_distribution,0.26,2026-10-10T01:43:00.768241+00:00,yfinance-1.5.2:2026-10-10T01:43:00.768241+00:00
yahoo-ticker:HYG,HYG,2013-03-01,cash_distribution,0.506,2026-10-10T01:42:56.450321+00:00,yfinance-1.5.2:2026-10-10T01:42:56.450321+00:00
yahoo-ticker:IEF,IEF,2013-03-01,cash_distribution,0.127,2026-10-10T01:42:57.071590+00:00,yfinance-1.5.2:2026-10-10T01:42:57.071590+00:00
yahoo-ticker:LQD,LQD,2013-03-01,cash_distribution,0.374,2026-10-10T01:42:57.875026+00:00,yfinance-1.5.2:2026-10-10T01:42:57.875026+00:00
yahoo-ticker:MBB,MBB,2013-03-01,cash_distribution,0.107,2026-10-10T01:42:58.253414+00:00,yfinance-1.5.2:2026-10-10T01:42:58.253414+00:00
yahoo-ticker:SHY,SHY,2013-03-01,cash_distribution,0.018,2026-10-10T01:42:59.247733+00:00,yfinance-1.5.2:2026-10-10T01:42:59.247733+00:00
yahoo-ticker:TLT,TLT,2013-03-01,cash_distribution,0.254,2026-10-10T01:43:00.768241+00:00,yfinance-1.5.2:2026-10-10T01:43:00.768241+00:00
yahoo-ticker:QQQ,QQQ,2013-03-15,cash_distribution,0.159,2026-10-10T01:42:58.808927+00:00,yfinance-1.5.2:2026-10-10T01:42:58.808927+00:00
yahoo-ticker:SPY,SPY,2013-03-15,cash_distribution,0.694,2026-10-10T01:42:59.974995+00:00,yfinance-1.5.2:2026-10-10T01:42:59.974995+00:00
yahoo-ticker:XLB,XLB,2013-03-15,cash_distribution,0.082,2026-10-10T01:43:03.569166+00:00,yfinance-1.5.2:2026-10-10T01:43:03.569166+00:00
yahoo-ticker:XLE,XLE,2013-03-15,cash_distribution,0.1785,2026-10-10T01:43:04.018451+00:00,yfinance-1.5.2:2026-10-10T01:43:04.018451+00:00
yahoo-ticker:XLF,XLF,2013-03-15,cash_distribution,0.050366,2026-10-10T01:43:04.466526+00:00,yfinance-1.5.2:2026-10-10T01:43:04.466526+00:00
yahoo-ticker:XLI,XLI,2013-03-15,cash_distribution,0.182,2026-10-10T01:43:04.894763+00:00,yfinance-1.5.2:2026-10-10T01:43:04.894763+00:00
yahoo-ticker:XLK,XLK,2013-03-15,cash_distribution,0.062,2026-10-10T01:43:05.330588+00:00,yfinance-1.5.2:2026-10-10T01:43:05.330588+00:00
yahoo-ticker:XLP,XLP,2013-03-15,cash_distribution,0.191,2026-10-10T01:43:05.749242+00:00,yfinance-1.5.2:2026-10-10T01:43:05.749242+00:00
yahoo-ticker:XLU,XLU,2013-03-15,cash_distribution,0.1645,2026-10-10T01:43:06.185048+00:00,yfinance-1.5.2:2026-10-10T01:43:06.185048+00:00
yahoo-ticker:XLV,XLV,2013-03-15,cash_distribution,0.194,2026-10-10T01:43:06.570262+00:00,yfinance-1.5.2:2026-10-10T01:43:06.570262+00:00
yahoo-ticker:XLY,XLY,2013-03-15,cash_distribution,0.079,2026-10-10T01:43:07.010195+00:00,yfinance-1.5.2:2026-10-10T01:43:07.010195+00:00
yahoo-ticker:VEA,VEA,2013-03-22,cash_distribution,0.161,2026-10-10T01:43:01.730564+00:00,yfinance-1.5.2:2026-10-10T01:43:01.730564+00:00
yahoo-ticker:VNQ,VNQ,2013-03-22,cash_distribution,0.534,2026-10-10T01:43:02.060468+00:00,yfinance-1.5.2:2026-10-10T01:43:02.060468+00:00
yahoo-ticker:VTV,VTV,2013-03-22,cash_distribution,0.388,2026-10-10T01:43:02.424133+00:00,yfinance-1.5.2:2026-10-10T01:43:02.424133+00:00
yahoo-ticker:VUG,VUG,2013-03-22,cash_distribution,0.037833,2026-10-10T01:43:02.762619+00:00,yfinance-1.5.2:2026-10-10T01:43:02.762619+00:00
yahoo-ticker:VWO,VWO,2013-03-22,cash_distribution,0.058,2026-10-10T01:43:03.149780+00:00,yfinance-1.5.2:2026-10-10T01:43:03.149780+00:00
yahoo-ticker:IWM,IWM,2013-03-25,cash_distribution,0.264,2026-10-10T01:42:57.484124+00:00,yfinance-1.5.2:2026-10-10T01:42:57.484124+00:00
yahoo-ticker:HYG,HYG,2013-04-01,cash_distribution,0.488,2026-10-10T01:42:56.450321+00:00,yfinance-1.5.2:2026-10-10T01:42:56.450321+00:00
yahoo-ticker:IEF,IEF,2013-04-01,cash_distribution,0.145,2026-10-10T01:42:57.071590+00:00,yfinance-1.5.2:2026-10-10T01:42:57.071590+00:00
yahoo-ticker:LQD,LQD,2013-04-01,cash_distribution,0.368,2026-10-10T01:42:57.875026+00:00,yfinance-1.5.2:2026-10-10T01:42:57.875026+00:00
yahoo-ticker:MBB,MBB,2013-04-01,cash_distribution,0.258,2026-10-10T01:42:58.253414+00:00,yfinance-1.5.2:2026-10-10T01:42:58.253414+00:00
yahoo-ticker:SHY,SHY,2013-04-01,cash_distribution,0.018,2026-10-10T01:42:59.247733+00:00,yfinance-1.5.2:2026-10-10T01:42:59.247733+00:00
yahoo-ticker:TIP,TIP,2013-04-01,cash_distribution,0.08,2026-10-10T01:43:00.393852+00:00,yfinance-1.5.2:2026-10-10T01:43:00.393852+00:00
yahoo-ticker:TLT,TLT,2013-04-01,cash_distribution,0.255,2026-10-10T01:43:00.768241+00:00,yfinance-1.5.2:2026-10-10T01:43:00.768241+00:00
yahoo-ticker:HYG,HYG,2013-05-01,cash_distribution,0.468,2026-10-10T01:42:56.450321+00:00,yfinance-1.5.2:2026-10-10T01:42:56.450321+00:00
yahoo-ticker:IEF,IEF,2013-05-01,cash_distribution,0.135,2026-10-10T01:42:57.071590+00:00,yfinance-1.5.2:2026-10-10T01:42:57.071590+00:00
yahoo-ticker:LQD,LQD,2013-05-01,cash_distribution,0.362,2026-10-10T01:42:57.875026+00:00,yfinance-1.5.2:2026-10-10T01:42:57.875026+00:00
yahoo-ticker:MBB,MBB,2013-05-01,cash_distribution,0.079,2026-10-10T01:42:58.253414+00:00,yfinance-1.5.2:2026-10-10T01:42:58.253414+00:00
yahoo-ticker:SHY,SHY,2013-05-01,cash_distribution,0.017,2026-10-10T01:42:59.247733+00:00,yfinance-1.5.2:2026-10-10T01:42:59.247733+00:00
yahoo-ticker:TIP,TIP,2013-05-01,cash_distribution,0.311,2026-10-10T01:43:00.393852+00:00,yfinance-1.5.2:2026-10-10T01:43:00.393852+00:00
yahoo-ticker:TLT,TLT,2013-05-01,cash_distribution,0.261,2026-10-10T01:43:00.768241+00:00,yfinance-1.5.2:2026-10-10T01:43:00.768241+00:00
yahoo-ticker:HYG,HYG,2013-06-03,cash_distribution,0.479,2026-10-10T01:42:56.450321+00:00,yfinance-1.5.2:2026-10-10T01:42:56.450321+00:00
yahoo-ticker:IEF,IEF,2013-06-03,cash_distribution,0.142,2026-10-10T01:42:57.071590+00:00,yfinance-1.5.2:2026-10-10T01:42:57.071590+00:00
yahoo-ticker:LQD,LQD,2013-06-03,cash_distribution,0.361,2026-10-10T01:42:57.875026+00:00,yfinance-1.5.2:2026-10-10T01:42:57.875026+00:00
yahoo-ticker:MBB,MBB,2013-06-03,cash_distribution,0.057,2026-10-10T01:42:58.253414+00:00,yfinance-1.5.2:2026-10-10T01:42:58.253414+00:00
yahoo-ticker:SHY,SHY,2013-06-03,cash_distribution,0.017,2026-10-10T01:42:59.247733+00:00,yfinance-1.5.2:2026-10-10T01:42:59.247733+00:00
yahoo-ticker:TIP,TIP,2013-06-03,cash_distribution,0.293,2026-10-10T01:43:00.393852+00:00,yfinance-1.5.2:2026-10-10T01:43:00.393852+00:00
yahoo-ticker:TLT,TLT,2013-06-03,cash_distribution,0.275,2026-10-10T01:43:00.768241+00:00,yfinance-1.5.2:2026-10-10T01:43:00.768241+00:00
yahoo-ticker:QQQ,QQQ,2013-06-21,cash_distribution,0.224,2026-10-10T01:42:58.808927+00:00,yfinance-1.5.2:2026-10-10T01:42:58.808927+00:00
yahoo-ticker:SPY,SPY,2013-06-21,cash_distribution,0.839,2026-10-10T01:42:59.974995+00:00,yfinance-1.5.2:2026-10-10T01:42:59.974995+00:00
yahoo-ticker:XLB,XLB,2013-06-21,cash_distribution,0.149,2026-10-10T01:43:03.569166+00:00,yfinance-1.5.2:2026-10-10T01:43:03.569166+00:00
yahoo-ticker:XLE,XLE,2013-06-21,cash_distribution,0.187,2026-10-10T01:43:04.018451+00:00,yfinance-1.5.2:2026-10-10T01:43:04.018451+00:00
yahoo-ticker:XLF,XLF,2013-06-21,cash_distribution,0.062551,2026-10-10T01:43:04.466526+00:00,yfinance-1.5.2:2026-10-10T01:43:04.466526+00:00
yahoo-ticker:XLI,XLI,2013-06-21,cash_distribution,0.216,2026-10-10T01:43:04.894763+00:00,yfinance-1.5.2:2026-10-10T01:43:04.894763+00:00
yahoo-ticker:XLK,XLK,2013-06-21,cash_distribution,0.0775,2026-10-10T01:43:05.330588+00:00,yfinance-1.5.2:2026-10-10T01:43:05.330588+00:00
yahoo-ticker:XLP,XLP,2013-06-21,cash_distribution,0.254,2026-10-10T01:43:05.749242+00:00,yfinance-1.5.2:2026-10-10T01:43:05.749242+00:00
yahoo-ticker:XLU,XLU,2013-06-21,cash_distribution,0.1855,2026-10-10T01:43:06.185048+00:00,yfinance-1.5.2:2026-10-10T01:43:06.185048+00:00
yahoo-ticker:XLV,XLV,2013-06-21,cash_distribution,0.212,2026-10-10T01:43:06.570262+00:00,yfinance-1.5.2:2026-10-10T01:43:06.570262+00:00
yahoo-ticker:XLY,XLY,2013-06-21,cash_distribution,0.088,2026-10-10T01:43:07.010195+00:00,yfinance-1.5.2:2026-10-10T01:43:07.010195+00:00
yahoo-ticker:VEA,VEA,2013-06-24,cash_distribution,0.545,2026-10-10T01:43:01.730564+00:00,yfinance-1.5.2:2026-10-10T01:43:01.730564+00:00
yahoo-ticker:VNQ,VNQ,2013-06-24,cash_distribution,0.631,2026-10-10T01:43:02.060468+00:00,yfinance-1.5.2:2026-10-10T01:43:02.060468+00:00
yahoo-ticker:VTV,VTV,2013-06-24,cash_distribution,0.391,2026-10-10T01:43:02.424133+00:00,yfinance-1.5.2:2026-10-10T01:43:02.424133+00:00
yahoo-ticker:VUG,VUG,2013-06-24,cash_distribution,0.043,2026-10-10T01:43:02.762619+00:00,yfinance-1.5.2:2026-10-10T01:43:02.762619+00:00
yahoo-ticker:VWO,VWO,2013-06-24,cash_distribution,0.506,2026-10-10T01:43:03.149780+00:00,yfinance-1.5.2:2026-10-10T01:43:03.149780+00:00
yahoo-ticker:EEM,EEM,2013-06-27,cash_distribution,0.493,2026-10-10T01:42:55.050042+00:00,yfinance-1.5.2:2026-10-10T01:42:55.050042+00:00
yahoo-ticker:EFA,EFA,2013-06-27,cash_distribution,1.152,2026-10-10T01:42:55.419695+00:00,yfinance-1.5.2:2026-10-10T01:42:55.419695+00:00
yahoo-ticker:EWJ,EWJ,2013-06-27,cash_distribution,0.188,2026-10-10T01:42:55.842554+00:00,yfinance-1.5.2:2026-10-10T01:42:55.842554+00:00
yahoo-ticker:HYG,HYG,2013-07-01,cash_distribution,0.48,2026-10-10T01:42:56.450321+00:00,yfinance-1.5.2:2026-10-10T01:42:56.450321+00:00
yahoo-ticker:IEF,IEF,2013-07-01,cash_distribution,0.139,2026-10-10T01:42:57.071590+00:00,yfinance-1.5.2:2026-10-10T01:42:57.071590+00:00
yahoo-ticker:LQD,LQD,2013-07-01,cash_distribution,0.363,2026-10-10T01:42:57.875026+00:00,yfinance-1.5.2:2026-10-10T01:42:57.875026+00:00
yahoo-ticker:MBB,MBB,2013-07-01,cash_distribution,0.067,2026-10-10T01:42:58.253414+00:00,yfinance-1.5.2:2026-10-10T01:42:58.253414+00:00
yahoo-ticker:SHY,SHY,2013-07-01,cash_distribution,0.017,2026-10-10T01:42:59.247733+00:00,yfinance-1.5.2:2026-10-10T01:42:59.247733+00:00
yahoo-ticker:TIP,TIP,2013-07-01,cash_distribution,0.149,2026-10-10T01:43:00.393852+00:00,yfinance-1.5.2:2026-10-10T01:43:00.393852+00:00
yahoo-ticker:TLT,TLT,2013-07-01,cash_distribution,0.252,2026-10-10T01:43:00.768241+00:00,yfinance-1.5.2:2026-10-10T01:43:00.768241+00:00
yahoo-ticker:IWM,IWM,2013-07-02,cash_distribution,0.43,2026-10-10T01:42:57.484124+00:00,yfinance-1.5.2:2026-10-10T01:42:57.484124+00:00
yahoo-ticker:HYG,HYG,2013-08-01,cash_distribution,0.453,2026-10-10T01:42:56.450321+00:00,yfinance-1.5.2:2026-10-10T01:42:56.450321+00:00
yahoo-ticker:IEF,IEF,2013-08-01,cash_distribution,0.141,2026-10-10T01:42:57.071590+00:00,yfinance-1.5.2:2026-10-10T01:42:57.071590+00:00
yahoo-ticker:LQD,LQD,2013-08-01,cash_distribution,0.35,2026-10-10T01:42:57.875026+00:00,yfinance-1.5.2:2026-10-10T01:42:57.875026+00:00
yahoo-ticker:MBB,MBB,2013-08-01,cash_distribution,0.086,2026-10-10T01:42:58.253414+00:00,yfinance-1.5.2:2026-10-10T01:42:58.253414+00:00
yahoo-ticker:SHY,SHY,2013-08-01,cash_distribution,0.018,2026-10-10T01:42:59.247733+00:00,yfinance-1.5.2:2026-10-10T01:42:59.247733+00:00
yahoo-ticker:TIP,TIP,2013-08-01,cash_distribution,0.07,2026-10-10T01:43:00.393852+00:00,yfinance-1.5.2:2026-10-10T01:43:00.393852+00:00
yahoo-ticker:TLT,TLT,2013-08-01,cash_distribution,0.27,2026-10-10T01:43:00.768241+00:00,yfinance-1.5.2:2026-10-10T01:43:00.768241+00:00
yahoo-ticker:HYG,HYG,2013-09-03,cash_distribution,0.48,2026-10-10T01:42:56.450321+00:00,yfinance-1.5.2:2026-10-10T01:42:56.450321+00:00
yahoo-ticker:IEF,IEF,2013-09-03,cash_distribution,0.151,2026-10-10T01:42:57.071590+00:00,yfinance-1.5.2:2026-10-10T01:42:57.071590+00:00
yahoo-ticker:LQD,LQD,2013-09-03,cash_distribution,0.366,2026-10-10T01:42:57.875026+00:00,yfinance-1.5.2:2026-10-10T01:42:57.875026+00:00
yahoo-ticker:MBB,MBB,2013-09-03,cash_distribution,0.077,2026-10-10T01:42:58.253414+00:00,yfinance-1.5.2:2026-10-10T01:42:58.253414+00:00
yahoo-ticker:SHY,SHY,2013-09-03,cash_distribution,0.018,2026-10-10T01:42:59.247733+00:00,yfinance-1.5.2:2026-10-10T01:42:59.247733+00:00
yahoo-ticker:TIP,TIP,2013-09-03,cash_distribution,0.103,2026-10-10T01:43:00.393852+00:00,yfinance-1.5.2:2026-10-10T01:43:00.393852+00:00
yahoo-ticker:TLT,TLT,2013-09-03,cash_distribution,0.279,2026-10-10T01:43:00.768241+00:00,yfinance-1.5.2:2026-10-10T01:43:00.768241+00:00
yahoo-ticker:QQQ,QQQ,2013-09-20,cash_distribution,0.238,2026-10-10T01:42:58.808927+00:00,yfinance-1.5.2:2026-10-10T01:42:58.808927+00:00
yahoo-ticker:SPY,SPY,2013-09-20,cash_distribution,0.838,2026-10-10T01:42:59.974995+00:00,yfinance-1.5.2:2026-10-10T01:42:59.974995+00:00
yahoo-ticker:XLB,XLB,2013-09-20,cash_distribution,0.108,2026-10-10T01:43:03.569166+00:00,yfinance-1.5.2:2026-10-10T01:43:03.569166+00:00
yahoo-ticker:XLE,XLE,2013-09-20,cash_distribution,0.1965,2026-10-10T01:43:04.018451+00:00,yfinance-1.5.2:2026-10-10T01:43:04.018451+00:00
yahoo-ticker:XLF,XLF,2013-09-20,cash_distribution,0.0658,2026-10-10T01:43:04.466526+00:00,yfinance-1.5.2:2026-10-10T01:43:04.466526+00:00
yahoo-ticker:XLI,XLI,2013-09-20,cash_distribution,0.219,2026-10-10T01:43:04.894763+00:00,yfinance-1.5.2:2026-10-10T01:43:04.894763+00:00
yahoo-ticker:XLK,XLK,2013-09-20,cash_distribution,0.079,2026-10-10T01:43:05.330588+00:00,yfinance-1.5.2:2026-10-10T01:43:05.330588+00:00
yahoo-ticker:XLP,XLP,2013-09-20,cash_distribution,0.261,2026-10-10T01:43:05.749242+00:00,yfinance-1.5.2:2026-10-10T01:43:05.749242+00:00
yahoo-ticker:XLU,XLU,2013-09-20,cash_distribution,0.1825,2026-10-10T01:43:06.185048+00:00,yfinance-1.5.2:2026-10-10T01:43:06.185048+00:00
yahoo-ticker:XLV,XLV,2013-09-20,cash_distribution,0.213,2026-10-10T01:43:06.570262+00:00,yfinance-1.5.2:2026-10-10T01:43:06.570262+00:00
yahoo-ticker:XLY,XLY,2013-09-20,cash_distribution,0.09,2026-10-10T01:43:07.010195+00:00,yfinance-1.5.2:2026-10-10T01:43:07.010195+00:00
yahoo-ticker:VEA,VEA,2013-09-23,cash_distribution,0.164,2026-10-10T01:43:01.730564+00:00,yfinance-1.5.2:2026-10-10T01:43:01.730564+00:00
yahoo-ticker:VNQ,VNQ,2013-09-23,cash_distribution,0.618,2026-10-10T01:43:02.060468+00:00,yfinance-1.5.2:2026-10-10T01:43:02.060468+00:00
yahoo-ticker:VTV,VTV,2013-09-23,cash_distribution,0.417,2026-10-10T01:43:02.424133+00:00,yfinance-1.5.2:2026-10-10T01:43:02.424133+00:00
yahoo-ticker:VUG,VUG,2013-09-23,cash_distribution,0.046333,2026-10-10T01:43:02.762619+00:00,yfinance-1.5.2:2026-10-10T01:43:02.762619+00:00
yahoo-ticker:VWO,VWO,2013-09-23,cash_distribution,0.345,2026-10-10T01:43:03.149780+00:00,yfinance-1.5.2:2026-10-10T01:43:03.149780+00:00
yahoo-ticker:IWM,IWM,2013-09-24,cash_distribution,0.283,2026-10-10T01:42:57.484124+00:00,yfinance-1.5.2:2026-10-10T01:42:57.484124+00:00
yahoo-ticker:HYG,HYG,2013-10-01,cash_distribution,0.445,2026-10-10T01:42:56.450321+00:00,yfinance-1.5.2:2026-10-10T01:42:56.450321+00:00
yahoo-ticker:IEF,IEF,2013-10-01,cash_distribution,0.153,2026-10-10T01:42:57.071590+00:00,yfinance-1.5.2:2026-10-10T01:42:57.071590+00:00
yahoo-ticker:LQD,LQD,2013-10-01,cash_distribution,0.366,2026-10-10T01:42:57.875026+00:00,yfinance-1.5.2:2026-10-10T01:42:57.875026+00:00
yahoo-ticker:MBB,MBB,2013-10-01,cash_distribution,0.111,2026-10-10T01:42:58.253414+00:00,yfinance-1.5.2:2026-10-10T01:42:58.253414+00:00
yahoo-ticker:SHY,SHY,2013-10-01,cash_distribution,0.018,2026-10-10T01:42:59.247733+00:00,yfinance-1.5.2:2026-10-10T01:42:59.247733+00:00
yahoo-ticker:TIP,TIP,2013-10-01,cash_distribution,0.047,2026-10-10T01:43:00.393852+00:00,yfinance-1.5.2:2026-10-10T01:43:00.393852+00:00
yahoo-ticker:TLT,TLT,2013-10-01,cash_distribution,0.278,2026-10-10T01:43:00.768241+00:00,yfinance-1.5.2:2026-10-10T01:43:00.768241+00:00
yahoo-ticker:HYG,HYG,2013-11-01,cash_distribution,0.45,2026-10-10T01:42:56.450321+00:00,yfinance-1.5.2:2026-10-10T01:42:56.450321+00:00
yahoo-ticker:IEF,IEF,2013-11-01,cash_distribution,0.161,2026-10-10T01:42:57.071590+00:00,yfinance-1.5.2:2026-10-10T01:42:57.071590+00:00
yahoo-ticker:LQD,LQD,2013-11-01,cash_distribution,0.38,2026-10-10T01:42:57.875026+00:00,yfinance-1.5.2:2026-10-10T01:42:57.875026+00:00
yahoo-ticker:MBB,MBB,2013-11-01,cash_distribution,0.121,2026-10-10T01:42:58.253414+00:00,yfinance-1.5.2:2026-10-10T01:42:58.253414+00:00
yahoo-ticker:SHY,SHY,2013-11-01,cash_distribution,0.019,2026-10-10T01:42:59.247733+00:00,yfinance-1.5.2:2026-10-10T01:42:59.247733+00:00
yahoo-ticker:TIP,TIP,2013-11-01,cash_distribution,0.118,2026-10-10T01:43:00.393852+00:00,yfinance-1.5.2:2026-10-10T01:43:00.393852+00:00
yahoo-ticker:TLT,TLT,2013-11-01,cash_distribution,0.288,2026-10-10T01:43:00.768241+00:00,yfinance-1.5.2:2026-10-10T01:43:00.768241+00:00
yahoo-ticker:HYG,HYG,2013-12-02,cash_distribution,0.45,2026-10-10T01:42:56.450321+00:00,yfinance-1.5.2:2026-10-10T01:42:56.450321+00:00
yahoo-ticker:IEF,IEF,2013-12-02,cash_distribution,0.164,2026-10-10T01:42:57.071590+00:00,yfinance-1.5.2:2026-10-10T01:42:57.071590+00:00
yahoo-ticker:LQD,LQD,2013-12-02,cash_distribution,0.368,2026-10-10T01:42:57.875026+00:00,yfinance-1.5.2:2026-10-10T01:42:57.875026+00:00
yahoo-ticker:MBB,MBB,2013-12-02,cash_distribution,0.14,2026-10-10T01:42:58.253414+00:00,yfinance-1.5.2:2026-10-10T01:42:58.253414+00:00
yahoo-ticker:SHY,SHY,2013-12-02,cash_distribution,0.019,2026-10-10T01:42:59.247733+00:00,yfinance-1.5.2:2026-10-10T01:42:59.247733+00:00
yahoo-ticker:TIP,TIP,2013-12-02,cash_distribution,0.09,2026-10-10T01:43:00.393852+00:00,yfinance-1.5.2:2026-10-10T01:43:00.393852+00:00
yahoo-ticker:TLT,TLT,2013-12-02,cash_distribution,0.31,2026-10-10T01:43:00.768241+00:00,yfinance-1.5.2:2026-10-10T01:43:00.768241+00:00
yahoo-ticker:EEM,EEM,2013-12-18,cash_distribution,0.366,2026-10-10T01:42:55.050042+00:00,yfinance-1.5.2:2026-10-10T01:42:55.050042+00:00
yahoo-ticker:EFA,EFA,2013-12-18,cash_distribution,0.552,2026-10-10T01:42:55.419695+00:00,yfinance-1.5.2:2026-10-10T01:42:55.419695+00:00
yahoo-ticker:EWJ,EWJ,2013-12-18,cash_distribution,0.352,2026-10-10T01:42:55.842554+00:00,yfinance-1.5.2:2026-10-10T01:42:55.842554+00:00
yahoo-ticker:QQQ,QQQ,2013-12-20,cash_distribution,0.272,2026-10-10T01:42:58.808927+00:00,yfinance-1.5.2:2026-10-10T01:42:58.808927+00:00
yahoo-ticker:SPY,SPY,2013-12-20,cash_distribution,0.98,2026-10-10T01:42:59.974995+00:00,yfinance-1.5.2:2026-10-10T01:42:59.974995+00:00
yahoo-ticker:VEA,VEA,2013-12-20,cash_distribution,0.213,2026-10-10T01:43:01.730564+00:00,yfinance-1.5.2:2026-10-10T01:43:01.730564+00:00
yahoo-ticker:VWO,VWO,2013-12-20,cash_distribution,0.216,2026-10-10T01:43:03.149780+00:00,yfinance-1.5.2:2026-10-10T01:43:03.149780+00:00
yahoo-ticker:XLB,XLB,2013-12-20,cash_distribution,0.141,2026-10-10T01:43:03.569166+00:00,yfinance-1.5.2:2026-10-10T01:43:03.569166+00:00
yahoo-ticker:XLE,XLE,2013-12-20,cash_distribution,0.2015,2026-10-10T01:43:04.018451+00:00,yfinance-1.5.2:2026-10-10T01:43:04.018451+00:00
yahoo-ticker:XLF,XLF,2013-12-20,cash_distribution,0.082047,2026-10-10T01:43:04.466526+00:00,yfinance-1.5.2:2026-10-10T01:43:04.466526+00:00
yahoo-ticker:XLI,XLI,2013-12-20,cash_distribution,0.259,2026-10-10T01:43:04.894763+00:00,yfinance-1.5.2:2026-10-10T01:43:04.894763+00:00
yahoo-ticker:XLK,XLK,2013-12-20,cash_distribution,0.0855,2026-10-10T01:43:05.330588+00:00,yfinance-1.5.2:2026-10-10T01:43:05.330588+00:00
yahoo-ticker:XLP,XLP,2013-12-20,cash_distribution,0.322,2026-10-10T01:43:05.749242+00:00,yfinance-1.5.2:2026-10-10T01:43:05.749242+00:00
yahoo-ticker:XLU,XLU,2013-12-20,cash_distribution,0.2005,2026-10-10T01:43:06.185048+00:00,yfinance-1.5.2:2026-10-10T01:43:06.185048+00:00
yahoo-ticker:XLV,XLV,2013-12-20,cash_distribution,0.225,2026-10-10T01:43:06.570262+00:00,yfinance-1.5.2:2026-10-10T01:43:06.570262+00:00
yahoo-ticker:XLY,XLY,2013-12-20,cash_distribution,0.131,2026-10-10T01:43:07.010195+00:00,yfinance-1.5.2:2026-10-10T01:43:07.010195+00:00
yahoo-ticker:IWM,IWM,2013-12-23,cash_distribution,0.437,2026-10-10T01:42:57.484124+00:00,yfinance-1.5.2:2026-10-10T01:42:57.484124+00:00
yahoo-ticker:VNQ,VNQ,2013-12-24,cash_distribution,1.008,2026-10-10T01:43:02.060468+00:00,yfinance-1.5.2:2026-10-10T01:43:02.060468+00:00
yahoo-ticker:VTV,VTV,2013-12-24,cash_distribution,0.492,2026-10-10T01:43:02.424133+00:00,yfinance-1.5.2:2026-10-10T01:43:02.424133+00:00
yahoo-ticker:VUG,VUG,2013-12-24,cash_distribution,0.057833,2026-10-10T01:43:02.762619+00:00,yfinance-1.5.2:2026-10-10T01:43:02.762619+00:00
yahoo-ticker:HYG,HYG,2013-12-26,cash_distribution,0.467,2026-10-10T01:42:56.450321+00:00,yfinance-1.5.2:2026-10-10T01:42:56.450321+00:00
yahoo-ticker:IEF,IEF,2013-12-26,cash_distribution,0.164,2026-10-10T01:42:57.071590+00:00,yfinance-1.5.2:2026-10-10T01:42:57.071590+00:00
yahoo-ticker:LQD,LQD,2013-12-26,cash_distribution,0.348,2026-10-10T01:42:57.875026+00:00,yfinance-1.5.2:2026-10-10T01:42:57.875026+00:00
yahoo-ticker:MBB,MBB,2013-12-26,cash_distribution,0.135,2026-10-10T01:42:58.253414+00:00,yfinance-1.5.2:2026-10-10T01:42:58.253414+00:00
yahoo-ticker:SHY,SHY,2013-12-26,cash_distribution,0.021,2026-10-10T01:42:59.247733+00:00,yfinance-1.5.2:2026-10-10T01:42:59.247733+00:00
yahoo-ticker:TLT,TLT,2013-12-26,cash_distribution,0.335,2026-10-10T01:43:00.768241+00:00,yfinance-1.5.2:2026-10-10T01:43:00.768241+00:00
yahoo-ticker:HYG,HYG,2014-02-03,cash_distribution,0.462,2026-10-10T01:42:56.450321+00:00,yfinance-1.5.2:2026-10-10T01:42:56.450321+00:00
yahoo-ticker:IEF,IEF,2014-02-03,cash_distribution,0.175,2026-10-10T01:42:57.071590+00:00,yfinance-1.5.2:2026-10-10T01:42:57.071590+00:00
yahoo-ticker:LQD,LQD,2014-02-03,cash_distribution,0.348,2026-10-10T01:42:57.875026+00:00,yfinance-1.5.2:2026-10-10T01:42:57.875026+00:00
yahoo-ticker:MBB,MBB,2014-02-03,cash_distribution,0.151,2026-10-10T01:42:58.253414+00:00,yfinance-1.5.2:2026-10-10T01:42:58.253414+00:00
yahoo-ticker:SHY,SHY,2014-02-03,cash_distribution,0.023,2026-10-10T01:42:59.247733+00:00,yfinance-1.5.2:2026-10-10T01:42:59.247733+00:00
yahoo-ticker:TLT,TLT,2014-02-03,cash_distribution,0.276,2026-10-10T01:43:00.768241+00:00,yfinance-1.5.2:2026-10-10T01:43:00.768241+00:00
yahoo-ticker:QQQ,QQQ,2014-02-27,cash_distribution,0.373,2026-10-10T01:42:58.808927+00:00,yfinance-1.5.2:2026-10-10T01:42:58.808927+00:00
yahoo-ticker:HYG,HYG,2014-03-03,cash_distribution,0.463,2026-10-10T01:42:56.450321+00:00,yfinance-1.5.2:2026-10-10T01:42:56.450321+00:00
yahoo-ticker:IEF,IEF,2014-03-03,cash_distribution,0.166,2026-10-10T01:42:57.071590+00:00,yfinance-1.5.2:2026-10-10T01:42:57.071590+00:00
yahoo-ticker:LQD,LQD,2014-03-03,cash_distribution,0.346,2026-10-10T01:42:57.875026+00:00,yfinance-1.5.2:2026-10-10T01:42:57.875026+00:00
yahoo-ticker:MBB,MBB,2014-03-03,cash_distribution,0.156,2026-10-10T01:42:58.253414+00:00,yfinance-1.5.2:2026-10-10T01:42:58.253414+00:00
yahoo-ticker:SHY,SHY,2014-03-03,cash_distribution,0.018,2026-10-10T01:42:59.247733+00:00,yfinance-1.5.2:2026-10-10T01:42:59.247733+00:00
yahoo-ticker:TLT,TLT,2014-03-03,cash_distribution,0.263,2026-10-10T01:43:00.768241+00:00,yfinance-1.5.2:2026-10-10T01:43:00.768241+00:00
yahoo-ticker:QQQ,QQQ,2014-03-21,cash_distribution,0.206,2026-10-10T01:42:58.808927+00:00,yfinance-1.5.2:2026-10-10T01:42:58.808927+00:00
yahoo-ticker:SPY,SPY,2014-03-21,cash_distribution,0.825,2026-10-10T01:42:59.974995+00:00,yfinance-1.5.2:2026-10-10T01:42:59.974995+00:00
yahoo-ticker:XLB,XLB,2014-03-21,cash_distribution,0.095,2026-10-10T01:43:03.569166+00:00,yfinance-1.5.2:2026-10-10T01:43:03.569166+00:00
yahoo-ticker:XLE,XLE,2014-03-21,cash_distribution,0.2135,2026-10-10T01:43:04.018451+00:00,yfinance-1.5.2:2026-10-10T01:43:04.018451+00:00
yahoo-ticker:XLF,XLF,2014-03-21,cash_distribution,0.067425,2026-10-10T01:43:04.466526+00:00,yfinance-1.5.2:2026-10-10T01:43:04.466526+00:00
yahoo-ticker:XLI,XLI,2014-03-21,cash_distribution,0.225,2026-10-10T01:43:04.894763+00:00,yfinance-1.5.2:2026-10-10T01:43:04.894763+00:00
yahoo-ticker:XLK,XLK,2014-03-21,cash_distribution,0.0785,2026-10-10T01:43:05.330588+00:00,yfinance-1.5.2:2026-10-10T01:43:05.330588+00:00
yahoo-ticker:XLP,XLP,2014-03-21,cash_distribution,0.216,2026-10-10T01:43:05.749242+00:00,yfinance-1.5.2:2026-10-10T01:43:05.749242+00:00
yahoo-ticker:XLU,XLU,2014-03-21,cash_distribution,0.1675,2026-10-10T01:43:06.185048+00:00,yfinance-1.5.2:2026-10-10T01:43:06.185048+00:00
yahoo-ticker:XLV,XLV,2014-03-21,cash_distribution,0.205,2026-10-10T01:43:06.570262+00:00,yfinance-1.5.2:2026-10-10T01:43:06.570262+00:00
yahoo-ticker:XLY,XLY,2014-03-21,cash_distribution,0.104,2026-10-10T01:43:07.010195+00:00,yfinance-1.5.2:2026-10-10T01:43:07.010195+00:00
yahoo-ticker:IWM,IWM,2014-03-25,cash_distribution,0.302,2026-10-10T01:42:57.484124+00:00,yfinance-1.5.2:2026-10-10T01:42:57.484124+00:00
yahoo-ticker:VEA,VEA,2014-03-25,cash_distribution,0.429,2026-10-10T01:43:01.730564+00:00,yfinance-1.5.2:2026-10-10T01:43:01.730564+00:00
yahoo-ticker:VNQ,VNQ,2014-03-25,cash_distribution,0.453,2026-10-10T01:43:02.060468+00:00,yfinance-1.5.2:2026-10-10T01:43:02.060468+00:00
yahoo-ticker:VTV,VTV,2014-03-25,cash_distribution,0.43,2026-10-10T01:43:02.424133+00:00,yfinance-1.5.2:2026-10-10T01:43:02.424133+00:00
yahoo-ticker:VUG,VUG,2014-03-25,cash_distribution,0.045833,2026-10-10T01:43:02.762619+00:00,yfinance-1.5.2:2026-10-10T01:43:02.762619+00:00
yahoo-ticker:VWO,VWO,2014-03-25,cash_distribution,0.105,2026-10-10T01:43:03.149780+00:00,yfinance-1.5.2:2026-10-10T01:43:03.149780+00:00
yahoo-ticker:HYG,HYG,2014-04-01,cash_distribution,0.445,2026-10-10T01:42:56.450321+00:00,yfinance-1.5.2:2026-10-10T01:42:56.450321+00:00
yahoo-ticker:IEF,IEF,2014-04-01,cash_distribution,0.19,2026-10-10T01:42:57.071590+00:00,yfinance-1.5.2:2026-10-10T01:42:57.071590+00:00
yahoo-ticker:LQD,LQD,2014-04-01,cash_distribution,0.34,2026-10-10T01:42:57.875026+00:00,yfinance-1.5.2:2026-10-10T01:42:57.875026+00:00
yahoo-ticker:MBB,MBB,2014-04-01,cash_distribution,0.147,2026-10-10T01:42:58.253414+00:00,yfinance-1.5.2:2026-10-10T01:42:58.253414+00:00
yahoo-ticker:SHY,SHY,2014-04-01,cash_distribution,0.021,2026-10-10T01:42:59.247733+00:00,yfinance-1.5.2:2026-10-10T01:42:59.247733+00:00
yahoo-ticker:TLT,TLT,2014-04-01,cash_distribution,0.28,2026-10-10T01:43:00.768241+00:00,yfinance-1.5.2:2026-10-10T01:43:00.768241+00:00
yahoo-ticker:HYG,HYG,2014-05-01,cash_distribution,0.423,2026-10-10T01:42:56.450321+00:00,yfinance-1.5.2:2026-10-10T01:42:56.450321+00:00
yahoo-ticker:IEF,IEF,2014-05-01,cash_distribution,0.194,2026-10-10T01:42:57.071590+00:00,yfinance-1.5.2:2026-10-10T01:42:57.071590+00:00
yahoo-ticker:LQD,LQD,2014-05-01,cash_distribution,0.344,2026-10-10T01:42:57.875026+00:00,yfinance-1.5.2:2026-10-10T01:42:57.875026+00:00
yahoo-ticker:MBB,MBB,2014-05-01,cash_distribution,0.151,2026-10-10T01:42:58.253414+00:00,yfinance-1.5.2:2026-10-10T01:42:58.253414+00:00
yahoo-ticker:SHY,SHY,2014-05-01,cash_distribution,0.021,2026-10-10T01:42:59.247733+00:00,yfinance-1.5.2:2026-10-10T01:42:59.247733+00:00
yahoo-ticker:TIP,TIP,2014-05-01,cash_distribution,0.258,2026-10-10T01:43:00.393852+00:00,yfinance-1.5.2:2026-10-10T01:43:00.393852+00:00
yahoo-ticker:TLT,TLT,2014-05-01,cash_distribution,0.269,2026-10-10T01:43:00.768241+00:00,yfinance-1.5.2:2026-10-10T01:43:00.768241+00:00
yahoo-ticker:HYG,HYG,2014-06-02,cash_distribution,0.429,2026-10-10T01:42:56.450321+00:00,yfinance-1.5.2:2026-10-10T01:42:56.450321+00:00
yahoo-ticker:IEF,IEF,2014-06-02,cash_distribution,0.175,2026-10-10T01:42:57.071590+00:00,yfinance-1.5.2:2026-10-10T01:42:57.071590+00:00
yahoo-ticker:LQD,LQD,2014-06-02,cash_distribution,0.338,2026-10-10T01:42:57.875026+00:00,yfinance-1.5.2:2026-10-10T01:42:57.875026+00:00
yahoo-ticker:MBB,MBB,2014-06-02,cash_distribution,0.134,2026-10-10T01:42:58.253414+00:00,yfinance-1.5.2:2026-10-10T01:42:58.253414+00:00
yahoo-ticker:SHY,SHY,2014-06-02,cash_distribution,0.023,2026-10-10T01:42:59.247733+00:00,yfinance-1.5.2:2026-10-10T01:42:59.247733+00:00
yahoo-ticker:TIP,TIP,2014-06-02,cash_distribution,0.655,2026-10-10T01:43:00.393852+00:00,yfinance-1.5.2:2026-10-10T01:43:00.393852+00:00
yahoo-ticker:TLT,TLT,2014-06-02,cash_distribution,0.294,2026-10-10T01:43:00.768241+00:00,yfinance-1.5.2:2026-10-10T01:43:00.768241+00:00
yahoo-ticker:QQQ,QQQ,2014-06-20,cash_distribution,0.249,2026-10-10T01:42:58.808927+00:00,yfinance-1.5.2:2026-10-10T01:42:58.808927+00:00
yahoo-ticker:SPY,SPY,2014-06-20,cash_distribution,0.937,2026-10-10T01:42:59.974995+00:00,yfinance-1.5.2:2026-10-10T01:42:59.974995+00:00
yahoo-ticker:XLB,XLB,2014-06-20,cash_distribution,0.1155,2026-10-10T01:43:03.569166+00:00,yfinance-1.5.2:2026-10-10T01:43:03.569166+00:00
yahoo-ticker:XLE,XLE,2014-06-20,cash_distribution,0.232,2026-10-10T01:43:04.018451+00:00,yfinance-1.5.2:2026-10-10T01:43:04.018451+00:00
yahoo-ticker:XLF,XLF,2014-06-20,cash_distribution,0.073111,2026-10-10T01:43:04.466526+00:00,yfinance-1.5.2:2026-10-10T01:43:04.466526+00:00
yahoo-ticker:XLI,XLI,2014-06-20,cash_distribution,0.25,2026-10-10T01:43:04.894763+00:00,yfinance-1.5.2:2026-10-10T01:43:04.894763+00:00
yahoo-ticker:XLK,XLK,2014-06-20,cash_distribution,0.088,2026-10-10T01:43:05.330588+00:00,yfinance-1.5.2:2026-10-10T01:43:05.330588+00:00
yahoo-ticker:XLP,XLP,2014-06-20,cash_distribution,0.311,2026-10-10T01:43:05.749242+00:00,yfinance-1.5.2:2026-10-10T01:43:05.749242+00:00
yahoo-ticker:XLU,XLU,2014-06-20,cash_distribution,0.187,2026-10-10T01:43:06.185048+00:00,yfinance-1.5.2:2026-10-10T01:43:06.185048+00:00
yahoo-ticker:XLV,XLV,2014-06-20,cash_distribution,0.226,2026-10-10T01:43:06.570262+00:00,yfinance-1.5.2:2026-10-10T01:43:06.570262+00:00
yahoo-ticker:XLY,XLY,2014-06-20,cash_distribution,0.106,2026-10-10T01:43:07.010195+00:00,yfinance-1.5.2:2026-10-10T01:43:07.010195+00:00
yahoo-ticker:VEA,VEA,2014-06-24,cash_distribution,0.513,2026-10-10T01:43:01.730564+00:00,yfinance-1.5.2:2026-10-10T01:43:01.730564+00:00
yahoo-ticker:VNQ,VNQ,2014-06-24,cash_distribution,0.695,2026-10-10T01:43:02.060468+00:00,yfinance-1.5.2:2026-10-10T01:43:02.060468+00:00
yahoo-ticker:VTV,VTV,2014-06-24,cash_distribution,0.454,2026-10-10T01:43:02.424133+00:00,yfinance-1.5.2:2026-10-10T01:43:02.424133+00:00
yahoo-ticker:VUG,VUG,2014-06-24,cash_distribution,0.045833,2026-10-10T01:43:02.762619+00:00,yfinance-1.5.2:2026-10-10T01:43:02.762619+00:00
yahoo-ticker:VWO,VWO,2014-06-24,cash_distribution,0.418,2026-10-10T01:43:03.149780+00:00,yfinance-1.5.2:2026-10-10T01:43:03.149780+00:00
yahoo-ticker:EEM,EEM,2014-06-25,cash_distribution,0.341,2026-10-10T01:42:55.050042+00:00,yfinance-1.5.2:2026-10-10T01:42:55.050042+00:00
yahoo-ticker:EFA,EFA,2014-06-25,cash_distribution,1.676,2026-10-10T01:42:55.419695+00:00,yfinance-1.5.2:2026-10-10T01:42:55.419695+00:00
yahoo-ticker:EWJ,EWJ,2014-06-25,cash_distribution,0.328,2026-10-10T01:42:55.842554+00:00,yfinance-1.5.2:2026-10-10T01:42:55.842554+00:00
yahoo-ticker:HYG,HYG,2014-07-01,cash_distribution,0.415,2026-10-10T01:42:56.450321+00:00,yfinance-1.5.2:2026-10-10T01:42:56.450321+00:00
yahoo-ticker:IEF,IEF,2014-07-01,cash_distribution,0.192,2026-10-10T01:42:57.071590+00:00,yfinance-1.5.2:2026-10-10T01:42:57.071590+00:00
yahoo-ticker:LQD,LQD,2014-07-01,cash_distribution,0.33,2026-10-10T01:42:57.875026+00:00,yfinance-1.5.2:2026-10-10T01:42:57.875026+00:00
yahoo-ticker:MBB,MBB,2014-07-01,cash_distribution,0.126,2026-10-10T01:42:58.253414+00:00,yfinance-1.5.2:2026-10-10T01:42:58.253414+00:00
yahoo-ticker:SHY,SHY,2014-07-01,cash_distribution,0.025,2026-10-10T01:42:59.247733+00:00,yfinance-1.5.2:2026-10-10T01:42:59.247733+00:00
yahoo-ticker:TIP,TIP,2014-07-01,cash_distribution,0.344,2026-10-10T01:43:00.393852+00:00,yfinance-1.5.2:2026-10-10T01:43:00.393852+00:00
yahoo-ticker:TLT,TLT,2014-07-01,cash_distribution,0.292,2026-10-10T01:43:00.768241+00:00,yfinance-1.5.2:2026-10-10T01:43:00.768241+00:00
yahoo-ticker:IWM,IWM,2014-07-02,cash_distribution,0.459,2026-10-10T01:42:57.484124+00:00,yfinance-1.5.2:2026-10-10T01:42:57.484124+00:00
yahoo-ticker:HYG,HYG,2014-08-01,cash_distribution,0.431,2026-10-10T01:42:56.450321+00:00,yfinance-1.5.2:2026-10-10T01:42:56.450321+00:00
yahoo-ticker:IEF,IEF,2014-08-01,cash_distribution,0.196,2026-10-10T01:42:57.071590+00:00,yfinance-1.5.2:2026-10-10T01:42:57.071590+00:00
yahoo-ticker:LQD,LQD,2014-08-01,cash_distribution,0.339,2026-10-10T01:42:57.875026+00:00,yfinance-1.5.2:2026-10-10T01:42:57.875026+00:00
yahoo-ticker:MBB,MBB,2014-08-01,cash_distribution,0.136,2026-10-10T01:42:58.253414+00:00,yfinance-1.5.2:2026-10-10T01:42:58.253414+00:00
yahoo-ticker:SHY,SHY,2014-08-01,cash_distribution,0.027,2026-10-10T01:42:59.247733+00:00,yfinance-1.5.2:2026-10-10T01:42:59.247733+00:00
yahoo-ticker:TIP,TIP,2014-08-01,cash_distribution,0.356,2026-10-10T01:43:00.393852+00:00,yfinance-1.5.2:2026-10-10T01:43:00.393852+00:00
yahoo-ticker:TLT,TLT,2014-08-01,cash_distribution,0.3,2026-10-10T01:43:00.768241+00:00,yfinance-1.5.2:2026-10-10T01:43:00.768241+00:00
yahoo-ticker:HYG,HYG,2014-09-02,cash_distribution,0.43,2026-10-10T01:42:56.450321+00:00,yfinance-1.5.2:2026-10-10T01:42:56.450321+00:00
yahoo-ticker:IEF,IEF,2014-09-02,cash_distribution,0.181,2026-10-10T01:42:57.071590+00:00,yfinance-1.5.2:2026-10-10T01:42:57.071590+00:00
yahoo-ticker:LQD,LQD,2014-09-02,cash_distribution,0.338,2026-10-10T01:42:57.875026+00:00,yfinance-1.5.2:2026-10-10T01:42:57.875026+00:00
yahoo-ticker:MBB,MBB,2014-09-02,cash_distribution,0.112,2026-10-10T01:42:58.253414+00:00,yfinance-1.5.2:2026-10-10T01:42:58.253414+00:00
yahoo-ticker:SHY,SHY,2014-09-02,cash_distribution,0.028,2026-10-10T01:42:59.247733+00:00,yfinance-1.5.2:2026-10-10T01:42:59.247733+00:00
yahoo-ticker:TIP,TIP,2014-09-02,cash_distribution,0.194,2026-10-10T01:43:00.393852+00:00,yfinance-1.5.2:2026-10-10T01:43:00.393852+00:00
yahoo-ticker:TLT,TLT,2014-09-02,cash_distribution,0.271,2026-10-10T01:43:00.768241+00:00,yfinance-1.5.2:2026-10-10T01:43:00.768241+00:00
yahoo-ticker:QQQ,QQQ,2014-09-19,cash_distribution,0.238,2026-10-10T01:42:58.808927+00:00,yfinance-1.5.2:2026-10-10T01:42:58.808927+00:00
yahoo-ticker:SPY,SPY,2014-09-19,cash_distribution,0.939,2026-10-10T01:42:59.974995+00:00,yfinance-1.5.2:2026-10-10T01:42:59.974995+00:00
yahoo-ticker:XLB,XLB,2014-09-19,cash_distribution,0.117,2026-10-10T01:43:03.569166+00:00,yfinance-1.5.2:2026-10-10T01:43:03.569166+00:00
yahoo-ticker:XLE,XLE,2014-09-19,cash_distribution,0.2415,2026-10-10T01:43:04.018451+00:00,yfinance-1.5.2:2026-10-10T01:43:04.018451+00:00
yahoo-ticker:XLF,XLF,2014-09-19,cash_distribution,0.07961,2026-10-10T01:43:04.466526+00:00,yfinance-1.5.2:2026-10-10T01:43:04.466526+00:00
yahoo-ticker:XLI,XLI,2014-09-19,cash_distribution,0.257,2026-10-10T01:43:04.894763+00:00,yfinance-1.5.2:2026-10-10T01:43:04.894763+00:00
yahoo-ticker:XLK,XLK,2014-09-19,cash_distribution,0.087,2026-10-10T01:43:05.330588+00:00,yfinance-1.5.2:2026-10-10T01:43:05.330588+00:00
yahoo-ticker:XLP,XLP,2014-09-19,cash_distribution,0.287,2026-10-10T01:43:05.749242+00:00,yfinance-1.5.2:2026-10-10T01:43:05.749242+00:00
yahoo-ticker:XLU,XLU,2014-09-19,cash_distribution,0.19,2026-10-10T01:43:06.185048+00:00,yfinance-1.5.2:2026-10-10T01:43:06.185048+00:00
yahoo-ticker:XLV,XLV,2014-09-19,cash_distribution,0.231,2026-10-10T01:43:06.570262+00:00,yfinance-1.5.2:2026-10-10T01:43:06.570262+00:00
yahoo-ticker:XLY,XLY,2014-09-19,cash_distribution,0.1145,2026-10-10T01:43:07.010195+00:00,yfinance-1.5.2:2026-10-10T01:43:07.010195+00:00
yahoo-ticker:IWM,IWM,2014-09-24,cash_distribution,0.305,2026-10-10T01:42:57.484124+00:00,yfinance-1.5.2:2026-10-10T01:42:57.484124+00:00
yahoo-ticker:VEA,VEA,2014-09-24,cash_distribution,0.212,2026-10-10T01:43:01.730564+00:00,yfinance-1.5.2:2026-10-10T01:43:01.730564+00:00
yahoo-ticker:VNQ,VNQ,2014-09-24,cash_distribution,0.668,2026-10-10T01:43:02.060468+00:00,yfinance-1.5.2:2026-10-10T01:43:02.060468+00:00
yahoo-ticker:VTV,VTV,2014-09-24,cash_distribution,0.476,2026-10-10T01:43:02.424133+00:00,yfinance-1.5.2:2026-10-10T01:43:02.424133+00:00
yahoo-ticker:VUG,VUG,2014-09-24,cash_distribution,0.050667,2026-10-10T01:43:02.762619+00:00,yfinance-1.5.2:2026-10-10T01:43:02.762619+00:00
yahoo-ticker:VWO,VWO,2014-09-24,cash_distribution,0.446,2026-10-10T01:43:03.149780+00:00,yfinance-1.5.2:2026-10-10T01:43:03.149780+00:00
yahoo-ticker:HYG,HYG,2014-10-01,cash_distribution,0.391,2026-10-10T01:42:56.450321+00:00,yfinance-1.5.2:2026-10-10T01:42:56.450321+00:00
yahoo-ticker:IEF,IEF,2014-10-01,cash_distribution,0.189,2026-10-10T01:42:57.071590+00:00,yfinance-1.5.2:2026-10-10T01:42:57.071590+00:00
yahoo-ticker:LQD,LQD,2014-10-01,cash_distribution,0.335,2026-10-10T01:42:57.875026+00:00,yfinance-1.5.2:2026-10-10T01:42:57.875026+00:00
yahoo-ticker:MBB,MBB,2014-10-01,cash_distribution,0.12,2026-10-10T01:42:58.253414+00:00,yfinance-1.5.2:2026-10-10T01:42:58.253414+00:00
yahoo-ticker:SHY,SHY,2014-10-01,cash_distribution,0.03,2026-10-10T01:42:59.247733+00:00,yfinance-1.5.2:2026-10-10T01:42:59.247733+00:00
yahoo-ticker:TLT,TLT,2014-10-01,cash_distribution,0.289,2026-10-10T01:43:00.768241+00:00,yfinance-1.5.2:2026-10-10T01:43:00.768241+00:00
yahoo-ticker:HYG,HYG,2014-11-03,cash_distribution,0.404,2026-10-10T01:42:56.450321+00:00,yfinance-1.5.2:2026-10-10T01:42:56.450321+00:00
yahoo-ticker:IEF,IEF,2014-11-03,cash_distribution,0.181,2026-10-10T01:42:57.071590+00:00,yfinance-1.5.2:2026-10-10T01:42:57.071590+00:00
yahoo-ticker:LQD,LQD,2014-11-03,cash_distribution,0.335,2026-10-10T01:42:57.875026+00:00,yfinance-1.5.2:2026-10-10T01:42:57.875026+00:00
yahoo-ticker:MBB,MBB,2014-11-03,cash_distribution,0.114,2026-10-10T01:42:58.253414+00:00,yfinance-1.5.2:2026-10-10T01:42:58.253414+00:00
yahoo-ticker:SHY,SHY,2014-11-03,cash_distribution,0.029,2026-10-10T01:42:59.247733+00:00,yfinance-1.5.2:2026-10-10T01:42:59.247733+00:00
yahoo-ticker:TLT,TLT,2014-11-03,cash_distribution,0.29,2026-10-10T01:43:00.768241+00:00,yfinance-1.5.2:2026-10-10T01:43:00.768241+00:00
yahoo-ticker:HYG,HYG,2014-12-01,cash_distribution,0.417,2026-10-10T01:42:56.450321+00:00,yfinance-1.5.2:2026-10-10T01:42:56.450321+00:00
yahoo-ticker:IEF,IEF,2014-12-01,cash_distribution,0.18,2026-10-10T01:42:57.071590+00:00,yfinance-1.5.2:2026-10-10T01:42:57.071590+00:00
yahoo-ticker:LQD,LQD,2014-12-01,cash_distribution,0.335,2026-10-10T01:42:57.875026+00:00,yfinance-1.5.2:2026-10-10T01:42:57.875026+00:00
yahoo-ticker:MBB,MBB,2014-12-01,cash_distribution,0.113,2026-10-10T01:42:58.253414+00:00,yfinance-1.5.2:2026-10-10T01:42:58.253414+00:00
yahoo-ticker:SHY,SHY,2014-12-01,cash_distribution,0.029,2026-10-10T01:42:59.247733+00:00,yfinance-1.5.2:2026-10-10T01:42:59.247733+00:00
yahoo-ticker:TIP,TIP,2014-12-01,cash_distribution,0.06,2026-10-10T01:43:00.393852+00:00,yfinance-1.5.2:2026-10-10T01:43:00.393852+00:00
yahoo-ticker:TLT,TLT,2014-12-01,cash_distribution,0.277,2026-10-10T01:43:00.768241+00:00,yfinance-1.5.2:2026-10-10T01:43:00.768241+00:00
yahoo-ticker:EEM,EEM,2014-12-17,cash_distribution,0.535,2026-10-10T01:42:55.050042+00:00,yfinance-1.5.2:2026-10-10T01:42:55.050042+00:00
yahoo-ticker:EFA,EFA,2014-12-17,cash_distribution,0.585,2026-10-10T01:42:55.419695+00:00,yfinance-1.5.2:2026-10-10T01:42:55.419695+00:00
yahoo-ticker:EWJ,EWJ,2014-12-17,cash_distribution,0.264,2026-10-10T01:42:55.842554+00:00,yfinance-1.5.2:2026-10-10T01:42:55.842554+00:00
yahoo-ticker:QQQ,QQQ,2014-12-19,cash_distribution,0.387,2026-10-10T01:42:58.808927+00:00,yfinance-1.5.2:2026-10-10T01:42:58.808927+00:00
yahoo-ticker:SPY,SPY,2014-12-19,cash_distribution,1.135,2026-10-10T01:42:59.974995+00:00,yfinance-1.5.2:2026-10-10T01:42:59.974995+00:00
yahoo-ticker:XLB,XLB,2014-12-19,cash_distribution,0.152,2026-10-10T01:43:03.569166+00:00,yfinance-1.5.2:2026-10-10T01:43:03.569166+00:00
yahoo-ticker:XLE,XLE,2014-12-19,cash_distribution,0.2425,2026-10-10T01:43:04.018451+00:00,yfinance-1.5.2:2026-10-10T01:43:04.018451+00:00
yahoo-ticker:XLF,XLF,2014-12-19,cash_distribution,0.102356,2026-10-10T01:43:04.466526+00:00,yfinance-1.5.2:2026-10-10T01:43:04.466526+00:00
yahoo-ticker:XLI,XLI,2014-12-19,cash_distribution,0.316,2026-10-10T01:43:04.894763+00:00,yfinance-1.5.2:2026-10-10T01:43:04.894763+00:00
yahoo-ticker:XLK,XLK,2014-12-19,cash_distribution,0.108,2026-10-10T01:43:05.330588+00:00,yfinance-1.5.2:2026-10-10T01:43:05.330588+00:00
yahoo-ticker:XLP,XLP,2014-12-19,cash_distribution,0.35,2026-10-10T01:43:05.749242+00:00,yfinance-1.5.2:2026-10-10T01:43:05.749242+00:00
yahoo-ticker:XLU,XLU,2014-12-19,cash_distribution,0.2085,2026-10-10T01:43:06.185048+00:00,yfinance-1.5.2:2026-10-10T01:43:06.185048+00:00
yahoo-ticker:XLV,XLV,2014-12-19,cash_distribution,0.26,2026-10-10T01:43:06.570262+00:00,yfinance-1.5.2:2026-10-10T01:43:06.570262+00:00
yahoo-ticker:XLY,XLY,2014-12-19,cash_distribution,0.1465,2026-10-10T01:43:07.010195+00:00,yfinance-1.5.2:2026-10-10T01:43:07.010195+00:00
yahoo-ticker:VEA,VEA,2014-12-22,cash_distribution,0.24,2026-10-10T01:43:01.730564+00:00,yfinance-1.5.2:2026-10-10T01:43:01.730564+00:00
yahoo-ticker:VNQ,VNQ,2014-12-22,cash_distribution,1.103,2026-10-10T01:43:02.060468+00:00,yfinance-1.5.2:2026-10-10T01:43:02.060468+00:00
yahoo-ticker:VTV,VTV,2014-12-22,cash_distribution,0.513,2026-10-10T01:43:02.424133+00:00,yfinance-1.5.2:2026-10-10T01:43:02.424133+00:00
yahoo-ticker:VUG,VUG,2014-12-22,cash_distribution,0.067667,2026-10-10T01:43:02.762619+00:00,yfinance-1.5.2:2026-10-10T01:43:02.762619+00:00
yahoo-ticker:VWO,VWO,2014-12-22,cash_distribution,0.174,2026-10-10T01:43:03.149780+00:00,yfinance-1.5.2:2026-10-10T01:43:03.149780+00:00
yahoo-ticker:HYG,HYG,2014-12-24,cash_distribution,0.386,2026-10-10T01:42:56.450321+00:00,yfinance-1.5.2:2026-10-10T01:42:56.450321+00:00
yahoo-ticker:IEF,IEF,2014-12-24,cash_distribution,0.156,2026-10-10T01:42:57.071590+00:00,yfinance-1.5.2:2026-10-10T01:42:57.071590+00:00
yahoo-ticker:IWM,IWM,2014-12-24,cash_distribution,0.445,2026-10-10T01:42:57.484124+00:00,yfinance-1.5.2:2026-10-10T01:42:57.484124+00:00
yahoo-ticker:LQD,LQD,2014-12-24,cash_distribution,0.322,2026-10-10T01:42:57.875026+00:00,yfinance-1.5.2:2026-10-10T01:42:57.875026+00:00
yahoo-ticker:MBB,MBB,2014-12-24,cash_distribution,0.422,2026-10-10T01:42:58.253414+00:00,yfinance-1.5.2:2026-10-10T01:42:58.253414+00:00
yahoo-ticker:SHY,SHY,2014-12-24,cash_distribution,0.033,2026-10-10T01:42:59.247733+00:00,yfinance-1.5.2:2026-10-10T01:42:59.247733+00:00
yahoo-ticker:TLT,TLT,2014-12-24,cash_distribution,0.261,2026-10-10T01:43:00.768241+00:00,yfinance-1.5.2:2026-10-10T01:43:00.768241+00:00
yahoo-ticker:HYG,HYG,2015-02-02,cash_distribution,0.365,2026-10-10T01:42:56.450321+00:00,yfinance-1.5.2:2026-10-10T01:42:56.450321+00:00
yahoo-ticker:IEF,IEF,2015-02-02,cash_distribution,0.182,2026-10-10T01:42:57.071590+00:00,yfinance-1.5.2:2026-10-10T01:42:57.071590+00:00
yahoo-ticker:LQD,LQD,2015-02-02,cash_distribution,0.335,2026-10-10T01:42:57.875026+00:00,yfinance-1.5.2:2026-10-10T01:42:57.875026+00:00
yahoo-ticker:MBB,MBB,2015-02-02,cash_distribution,0.089,2026-10-10T01:42:58.253414+00:00,yfinance-1.5.2:2026-10-10T01:42:58.253414+00:00
yahoo-ticker:SHY,SHY,2015-02-02,cash_distribution,0.033,2026-10-10T01:42:59.247733+00:00,yfinance-1.5.2:2026-10-10T01:42:59.247733+00:00
yahoo-ticker:TLT,TLT,2015-02-02,cash_distribution,0.279,2026-10-10T01:43:00.768241+00:00,yfinance-1.5.2:2026-10-10T01:43:00.768241+00:00
yahoo-ticker:HYG,HYG,2015-03-02,cash_distribution,0.393,2026-10-10T01:42:56.450321+00:00,yfinance-1.5.2:2026-10-10T01:42:56.450321+00:00
yahoo-ticker:IEF,IEF,2015-03-02,cash_distribution,0.17,2026-10-10T01:42:57.071590+00:00,yfinance-1.5.2:2026-10-10T01:42:57.071590+00:00
yahoo-ticker:LQD,LQD,2015-03-02,cash_distribution,0.327,2026-10-10T01:42:57.875026+00:00,yfinance-1.5.2:2026-10-10T01:42:57.875026+00:00
yahoo-ticker:MBB,MBB,2015-03-02,cash_distribution,0.098,2026-10-10T01:42:58.253414+00:00,yfinance-1.5.2:2026-10-10T01:42:58.253414+00:00
yahoo-ticker:SHY,SHY,2015-03-02,cash_distribution,0.031,2026-10-10T01:42:59.247733+00:00,yfinance-1.5.2:2026-10-10T01:42:59.247733+00:00
yahoo-ticker:TLT,TLT,2015-03-02,cash_distribution,0.252,2026-10-10T01:43:00.768241+00:00,yfinance-1.5.2:2026-10-10T01:43:00.768241+00:00
yahoo-ticker:QQQ,QQQ,2015-03-20,cash_distribution,0.248,2026-10-10T01:42:58.808927+00:00,yfinance-1.5.2:2026-10-10T01:42:58.808927+00:00
yahoo-ticker:SPY,SPY,2015-03-20,cash_distribution,0.931,2026-10-10T01:42:59.974995+00:00,yfinance-1.5.2:2026-10-10T01:42:59.974995+00:00
yahoo-ticker:XLB,XLB,2015-03-20,cash_distribution,0.0925,2026-10-10T01:43:03.569166+00:00,yfinance-1.5.2:2026-10-10T01:43:03.569166+00:00
yahoo-ticker:XLE,XLE,2015-03-20,cash_distribution,0.2575,2026-10-10T01:43:04.018451+00:00,yfinance-1.5.2:2026-10-10T01:43:04.018451+00:00
yahoo-ticker:XLF,XLF,2015-03-20,cash_distribution,0.073924,2026-10-10T01:43:04.466526+00:00,yfinance-1.5.2:2026-10-10T01:43:04.466526+00:00
yahoo-ticker:XLI,XLI,2015-03-20,cash_distribution,0.261,2026-10-10T01:43:04.894763+00:00,yfinance-1.5.2:2026-10-10T01:43:04.894763+00:00
yahoo-ticker:XLK,XLK,2015-03-20,cash_distribution,0.0865,2026-10-10T01:43:05.330588+00:00,yfinance-1.5.2:2026-10-10T01:43:05.330588+00:00
yahoo-ticker:XLP,XLP,2015-03-20,cash_distribution,0.296,2026-10-10T01:43:05.749242+00:00,yfinance-1.5.2:2026-10-10T01:43:05.749242+00:00
yahoo-ticker:XLU,XLU,2015-03-20,cash_distribution,0.1755,2026-10-10T01:43:06.185048+00:00,yfinance-1.5.2:2026-10-10T01:43:06.185048+00:00
yahoo-ticker:XLV,XLV,2015-03-20,cash_distribution,0.208,2026-10-10T01:43:06.570262+00:00,yfinance-1.5.2:2026-10-10T01:43:06.570262+00:00
yahoo-ticker:XLY,XLY,2015-03-20,cash_distribution,0.1275,2026-10-10T01:43:07.010195+00:00,yfinance-1.5.2:2026-10-10T01:43:07.010195+00:00
yahoo-ticker:IWM,IWM,2015-03-25,cash_distribution,0.383,2026-10-10T01:42:57.484124+00:00,yfinance-1.5.2:2026-10-10T01:42:57.484124+00:00
yahoo-ticker:VEA,VEA,2015-03-25,cash_distribution,0.181,2026-10-10T01:43:01.730564+00:00,yfinance-1.5.2:2026-10-10T01:43:01.730564+00:00
yahoo-ticker:VNQ,VNQ,2015-03-25,cash_distribution,0.512,2026-10-10T01:43:02.060468+00:00,yfinance-1.5.2:2026-10-10T01:43:02.060468+00:00
yahoo-ticker:VTV,VTV,2015-03-25,cash_distribution,0.5,2026-10-10T01:43:02.424133+00:00,yfinance-1.5.2:2026-10-10T01:43:02.424133+00:00
yahoo-ticker:VUG,VUG,2015-03-25,cash_distribution,0.055333,2026-10-10T01:43:02.762619+00:00,yfinance-1.5.2:2026-10-10T01:43:02.762619+00:00
yahoo-ticker:VWO,VWO,2015-03-25,cash_distribution,0.071,2026-10-10T01:43:03.149780+00:00,yfinance-1.5.2:2026-10-10T01:43:03.149780+00:00
yahoo-ticker:HYG,HYG,2015-04-01,cash_distribution,0.406,2026-10-10T01:42:56.450321+00:00,yfinance-1.5.2:2026-10-10T01:42:56.450321+00:00
yahoo-ticker:IEF,IEF,2015-04-01,cash_distribution,0.175,2026-10-10T01:42:57.071590+00:00,yfinance-1.5.2:2026-10-10T01:42:57.071590+00:00
yahoo-ticker:LQD,LQD,2015-04-01,cash_distribution,0.329,2026-10-10T01:42:57.875026+00:00,yfinance-1.5.2:2026-10-10T01:42:57.875026+00:00
yahoo-ticker:MBB,MBB,2015-04-01,cash_distribution,0.167,2026-10-10T01:42:58.253414+00:00,yfinance-1.5.2:2026-10-10T01:42:58.253414+00:00
yahoo-ticker:SHY,SHY,2015-04-01,cash_distribution,0.037,2026-10-10T01:42:59.247733+00:00,yfinance-1.5.2:2026-10-10T01:42:59.247733+00:00
yahoo-ticker:TLT,TLT,2015-04-01,cash_distribution,0.273,2026-10-10T01:43:00.768241+00:00,yfinance-1.5.2:2026-10-10T01:43:00.768241+00:00
yahoo-ticker:HYG,HYG,2015-05-01,cash_distribution,0.402,2026-10-10T01:42:56.450321+00:00,yfinance-1.5.2:2026-10-10T01:42:56.450321+00:00
yahoo-ticker:IEF,IEF,2015-05-01,cash_distribution,0.163,2026-10-10T01:42:57.071590+00:00,yfinance-1.5.2:2026-10-10T01:42:57.071590+00:00
yahoo-ticker:LQD,LQD,2015-05-01,cash_distribution,0.33,2026-10-10T01:42:57.875026+00:00,yfinance-1.5.2:2026-10-10T01:42:57.875026+00:00
yahoo-ticker:MBB,MBB,2015-05-01,cash_distribution,0.179,2026-10-10T01:42:58.253414+00:00,yfinance-1.5.2:2026-10-10T01:42:58.253414+00:00
yahoo-ticker:SHY,SHY,2015-05-01,cash_distribution,0.035,2026-10-10T01:42:59.247733+00:00,yfinance-1.5.2:2026-10-10T01:42:59.247733+00:00
yahoo-ticker:TLT,TLT,2015-05-01,cash_distribution,0.258,2026-10-10T01:43:00.768241+00:00,yfinance-1.5.2:2026-10-10T01:43:00.768241+00:00
yahoo-ticker:HYG,HYG,2015-06-01,cash_distribution,0.402,2026-10-10T01:42:56.450321+00:00,yfinance-1.5.2:2026-10-10T01:42:56.450321+00:00
yahoo-ticker:IEF,IEF,2015-06-01,cash_distribution,0.169,2026-10-10T01:42:57.071590+00:00,yfinance-1.5.2:2026-10-10T01:42:57.071590+00:00
yahoo-ticker:LQD,LQD,2015-06-01,cash_distribution,0.329,2026-10-10T01:42:57.875026+00:00,yfinance-1.5.2:2026-10-10T01:42:57.875026+00:00
yahoo-ticker:MBB,MBB,2015-06-01,cash_distribution,0.174,2026-10-10T01:42:58.253414+00:00,yfinance-1.5.2:2026-10-10T01:42:58.253414+00:00
yahoo-ticker:SHY,SHY,2015-06-01,cash_distribution,0.037,2026-10-10T01:42:59.247733+00:00,yfinance-1.5.2:2026-10-10T01:42:59.247733+00:00
yahoo-ticker:TLT,TLT,2015-06-01,cash_distribution,0.264,2026-10-10T01:43:00.768241+00:00,yfinance-1.5.2:2026-10-10T01:43:00.768241+00:00
yahoo-ticker:QQQ,QQQ,2015-06-19,cash_distribution,0.254,2026-10-10T01:42:58.808927+00:00,yfinance-1.5.2:2026-10-10T01:42:58.808927+00:00
yahoo-ticker:SPY,SPY,2015-06-19,cash_distribution,1.03,2026-10-10T01:42:59.974995+00:00,yfinance-1.5.2:2026-10-10T01:42:59.974995+00:00
yahoo-ticker:XLB,XLB,2015-06-19,cash_distribution,0.1155,2026-10-10T01:43:03.569166+00:00,yfinance-1.5.2:2026-10-10T01:43:03.569166+00:00
yahoo-ticker:XLE,XLE,2015-06-19,cash_distribution,0.2545,2026-10-10T01:43:04.018451+00:00,yfinance-1.5.2:2026-10-10T01:43:04.018451+00:00
yahoo-ticker:XLF,XLF,2015-06-19,cash_distribution,0.089358,2026-10-10T01:43:04.466526+00:00,yfinance-1.5.2:2026-10-10T01:43:04.466526+00:00
yahoo-ticker:XLI,XLI,2015-06-19,cash_distribution,0.278,2026-10-10T01:43:04.894763+00:00,yfinance-1.5.2:2026-10-10T01:43:04.894763+00:00
yahoo-ticker:XLK,XLK,2015-06-19,cash_distribution,0.0965,2026-10-10T01:43:05.330588+00:00,yfinance-1.5.2:2026-10-10T01:43:05.330588+00:00
yahoo-ticker:XLP,XLP,2015-06-19,cash_distribution,0.302,2026-10-10T01:43:05.749242+00:00,yfinance-1.5.2:2026-10-10T01:43:05.749242+00:00
yahoo-ticker:XLU,XLU,2015-06-19,cash_distribution,0.1965,2026-10-10T01:43:06.185048+00:00,yfinance-1.5.2:2026-10-10T01:43:06.185048+00:00
yahoo-ticker:XLV,XLV,2015-06-19,cash_distribution,0.261,2026-10-10T01:43:06.570262+00:00,yfinance-1.5.2:2026-10-10T01:43:06.570262+00:00
yahoo-ticker:XLY,XLY,2015-06-19,cash_distribution,0.1235,2026-10-10T01:43:07.010195+00:00,yfinance-1.5.2:2026-10-10T01:43:07.010195+00:00
yahoo-ticker:VTV,VTV,2015-06-22,cash_distribution,0.51,2026-10-10T01:43:02.424133+00:00,yfinance-1.5.2:2026-10-10T01:43:02.424133+00:00
yahoo-ticker:VUG,VUG,2015-06-22,cash_distribution,0.049333,2026-10-10T01:43:02.762619+00:00,yfinance-1.5.2:2026-10-10T01:43:02.762619+00:00
yahoo-ticker:EEM,EEM,2015-06-25,cash_distribution,0.301,2026-10-10T01:42:55.050042+00:00,yfinance-1.5.2:2026-10-10T01:42:55.050042+00:00
yahoo-ticker:EFA,EFA,2015-06-25,cash_distribution,1.111,2026-10-10T01:42:55.419695+00:00,yfinance-1.5.2:2026-10-10T01:42:55.419695+00:00
yahoo-ticker:EWJ,EWJ,2015-06-25,cash_distribution,0.264,2026-10-10T01:42:55.842554+00:00,yfinance-1.5.2:2026-10-10T01:42:55.842554+00:00
yahoo-ticker:VEA,VEA,2015-06-26,cash_distribution,0.513,2026-10-10T01:43:01.730564+00:00,yfinance-1.5.2:2026-10-10T01:43:01.730564+00:00
yahoo-ticker:VNQ,VNQ,2015-06-26,cash_distribution,0.762,2026-10-10T01:43:02.060468+00:00,yfinance-1.5.2:2026-10-10T01:43:02.060468+00:00
yahoo-ticker:VWO,VWO,2015-06-26,cash_distribution,0.386,2026-10-10T01:43:03.149780+00:00,yfinance-1.5.2:2026-10-10T01:43:03.149780+00:00
yahoo-ticker:HYG,HYG,2015-07-01,cash_distribution,0.395,2026-10-10T01:42:56.450321+00:00,yfinance-1.5.2:2026-10-10T01:42:56.450321+00:00
yahoo-ticker:IEF,IEF,2015-07-01,cash_distribution,0.162,2026-10-10T01:42:57.071590+00:00,yfinance-1.5.2:2026-10-10T01:42:57.071590+00:00
yahoo-ticker:LQD,LQD,2015-07-01,cash_distribution,0.33,2026-10-10T01:42:57.875026+00:00,yfinance-1.5.2:2026-10-10T01:42:57.875026+00:00
yahoo-ticker:MBB,MBB,2015-07-01,cash_distribution,0.177,2026-10-10T01:42:58.253414+00:00,yfinance-1.5.2:2026-10-10T01:42:58.253414+00:00
yahoo-ticker:SHY,SHY,2015-07-01,cash_distribution,0.038,2026-10-10T01:42:59.247733+00:00,yfinance-1.5.2:2026-10-10T01:42:59.247733+00:00
yahoo-ticker:TLT,TLT,2015-07-01,cash_distribution,0.258,2026-10-10T01:43:00.768241+00:00,yfinance-1.5.2:2026-10-10T01:43:00.768241+00:00
yahoo-ticker:IWM,IWM,2015-07-02,cash_distribution,0.529,2026-10-10T01:42:57.484124+00:00,yfinance-1.5.2:2026-10-10T01:42:57.484124+00:00
yahoo-ticker:HYG,HYG,2015-08-03,cash_distribution,0.396,2026-10-10T01:42:56.450321+00:00,yfinance-1.5.2:2026-10-10T01:42:56.450321+00:00
yahoo-ticker:IEF,IEF,2015-08-03,cash_distribution,0.164,2026-10-10T01:42:57.071590+00:00,yfinance-1.5.2:2026-10-10T01:42:57.071590+00:00
yahoo-ticker:LQD,LQD,2015-08-03,cash_distribution,0.33,2026-10-10T01:42:57.875026+00:00,yfinance-1.5.2:2026-10-10T01:42:57.875026+00:00
yahoo-ticker:MBB,MBB,2015-08-03,cash_distribution,0.192,2026-10-10T01:42:58.253414+00:00,yfinance-1.5.2:2026-10-10T01:42:58.253414+00:00
yahoo-ticker:SHY,SHY,2015-08-03,cash_distribution,0.038,2026-10-10T01:42:59.247733+00:00,yfinance-1.5.2:2026-10-10T01:42:59.247733+00:00
yahoo-ticker:TLT,TLT,2015-08-03,cash_distribution,0.267,2026-10-10T01:43:00.768241+00:00,yfinance-1.5.2:2026-10-10T01:43:00.768241+00:00
yahoo-ticker:HYG,HYG,2015-09-01,cash_distribution,0.383,2026-10-10T01:42:56.450321+00:00,yfinance-1.5.2:2026-10-10T01:42:56.450321+00:00
yahoo-ticker:IEF,IEF,2015-09-01,cash_distribution,0.167,2026-10-10T01:42:57.071590+00:00,yfinance-1.5.2:2026-10-10T01:42:57.071590+00:00
yahoo-ticker:LQD,LQD,2015-09-01,cash_distribution,0.335,2026-10-10T01:42:57.875026+00:00,yfinance-1.5.2:2026-10-10T01:42:57.875026+00:00
yahoo-ticker:MBB,MBB,2015-09-01,cash_distribution,0.212,2026-10-10T01:42:58.253414+00:00,yfinance-1.5.2:2026-10-10T01:42:58.253414+00:00
yahoo-ticker:SHY,SHY,2015-09-01,cash_distribution,0.04,2026-10-10T01:42:59.247733+00:00,yfinance-1.5.2:2026-10-10T01:42:59.247733+00:00
yahoo-ticker:TIP,TIP,2015-09-01,cash_distribution,0.308,2026-10-10T01:43:00.393852+00:00,yfinance-1.5.2:2026-10-10T01:43:00.393852+00:00
yahoo-ticker:TLT,TLT,2015-09-01,cash_distribution,0.263,2026-10-10T01:43:00.768241+00:00,yfinance-1.5.2:2026-10-10T01:43:00.768241+00:00
yahoo-ticker:QQQ,QQQ,2015-09-18,cash_distribution,0.26,2026-10-10T01:42:58.808927+00:00,yfinance-1.5.2:2026-10-10T01:42:58.808927+00:00
yahoo-ticker:SPY,SPY,2015-09-18,cash_distribution,1.033,2026-10-10T01:42:59.974995+00:00,yfinance-1.5.2:2026-10-10T01:42:59.974995+00:00
yahoo-ticker:XLB,XLB,2015-09-18,cash_distribution,0.119,2026-10-10T01:43:03.569166+00:00,yfinance-1.5.2:2026-10-10T01:43:03.569166+00:00
yahoo-ticker:XLE,XLE,2015-09-18,cash_distribution,0.239,2026-10-10T01:43:04.018451+00:00,yfinance-1.5.2:2026-10-10T01:43:04.018451+00:00
yahoo-ticker:XLF,XLF,2015-09-18,cash_distribution,0.091795,2026-10-10T01:43:04.466526+00:00,yfinance-1.5.2:2026-10-10T01:43:04.466526+00:00
yahoo-ticker:XLI,XLI,2015-09-18,cash_distribution,0.281,2026-10-10T01:43:04.894763+00:00,yfinance-1.5.2:2026-10-10T01:43:04.894763+00:00
yahoo-ticker:XLK,XLK,2015-09-18,cash_distribution,0.0915,2026-10-10T01:43:05.330588+00:00,yfinance-1.5.2:2026-10-10T01:43:05.330588+00:00
yahoo-ticker:XLP,XLP,2015-09-18,cash_distribution,0.308,2026-10-10T01:43:05.749242+00:00,yfinance-1.5.2:2026-10-10T01:43:05.749242+00:00
yahoo-ticker:XLU,XLU,2015-09-18,cash_distribution,0.2005,2026-10-10T01:43:06.185048+00:00,yfinance-1.5.2:2026-10-10T01:43:06.185048+00:00
yahoo-ticker:XLV,XLV,2015-09-18,cash_distribution,0.261,2026-10-10T01:43:06.570262+00:00,yfinance-1.5.2:2026-10-10T01:43:06.570262+00:00
yahoo-ticker:XLY,XLY,2015-09-18,cash_distribution,0.1445,2026-10-10T01:43:07.010195+00:00,yfinance-1.5.2:2026-10-10T01:43:07.010195+00:00
yahoo-ticker:VTV,VTV,2015-09-21,cash_distribution,0.525,2026-10-10T01:43:02.424133+00:00,yfinance-1.5.2:2026-10-10T01:43:02.424133+00:00
yahoo-ticker:VUG,VUG,2015-09-21,cash_distribution,0.057833,2026-10-10T01:43:02.762619+00:00,yfinance-1.5.2:2026-10-10T01:43:02.762619+00:00
yahoo-ticker:VNQ,VNQ,2015-09-23,cash_distribution,0.752,2026-10-10T01:43:02.060468+00:00,yfinance-1.5.2:2026-10-10T01:43:02.060468+00:00
yahoo-ticker:IWM,IWM,2015-09-25,cash_distribution,0.324,2026-10-10T01:42:57.484124+00:00,yfinance-1.5.2:2026-10-10T01:42:57.484124+00:00
yahoo-ticker:VEA,VEA,2015-09-25,cash_distribution,0.156,2026-10-10T01:43:01.730564+00:00,yfinance-1.5.2:2026-10-10T01:43:01.730564+00:00
yahoo-ticker:VWO,VWO,2015-09-25,cash_distribution,0.45,2026-10-10T01:43:03.149780+00:00,yfinance-1.5.2:2026-10-10T01:43:03.149780+00:00
yahoo-ticker:HYG,HYG,2015-10-01,cash_distribution,0.398,2026-10-10T01:42:56.450321+00:00,yfinance-1.5.2:2026-10-10T01:42:56.450321+00:00
yahoo-ticker:IEF,IEF,2015-10-01,cash_distribution,0.164,2026-10-10T01:42:57.071590+00:00,yfinance-1.5.2:2026-10-10T01:42:57.071590+00:00
yahoo-ticker:LQD,LQD,2015-10-01,cash_distribution,0.334,2026-10-10T01:42:57.875026+00:00,yfinance-1.5.2:2026-10-10T01:42:57.875026+00:00
yahoo-ticker:MBB,MBB,2015-10-01,cash_distribution,0.232,2026-10-10T01:42:58.253414+00:00,yfinance-1.5.2:2026-10-10T01:42:58.253414+00:00
yahoo-ticker:SHY,SHY,2015-10-01,cash_distribution,0.04,2026-10-10T01:42:59.247733+00:00,yfinance-1.5.2:2026-10-10T01:42:59.247733+00:00
yahoo-ticker:TIP,TIP,2015-10-01,cash_distribution,0.062,2026-10-10T01:43:00.393852+00:00,yfinance-1.5.2:2026-10-10T01:43:00.393852+00:00
yahoo-ticker:TLT,TLT,2015-10-01,cash_distribution,0.256,2026-10-10T01:43:00.768241+00:00,yfinance-1.5.2:2026-10-10T01:43:00.768241+00:00
yahoo-ticker:HYG,HYG,2015-11-02,cash_distribution,0.394,2026-10-10T01:42:56.450321+00:00,yfinance-1.5.2:2026-10-10T01:42:56.450321+00:00
yahoo-ticker:IEF,IEF,2015-11-02,cash_distribution,0.163,2026-10-10T01:42:57.071590+00:00,yfinance-1.5.2:2026-10-10T01:42:57.071590+00:00
yahoo-ticker:LQD,LQD,2015-11-02,cash_distribution,0.331,2026-10-10T01:42:57.875026+00:00,yfinance-1.5.2:2026-10-10T01:42:57.875026+00:00
yahoo-ticker:MBB,MBB,2015-11-02,cash_distribution,0.212,2026-10-10T01:42:58.253414+00:00,yfinance-1.5.2:2026-10-10T01:42:58.253414+00:00
yahoo-ticker:SHY,SHY,2015-11-02,cash_distribution,0.041,2026-10-10T01:42:59.247733+00:00,yfinance-1.5.2:2026-10-10T01:42:59.247733+00:00
yahoo-ticker:TLT,TLT,2015-11-02,cash_distribution,0.267,2026-10-10T01:43:00.768241+00:00,yfinance-1.5.2:2026-10-10T01:43:00.768241+00:00
yahoo-ticker:HYG,HYG,2015-12-01,cash_distribution,0.398,2026-10-10T01:42:56.450321+00:00,yfinance-1.5.2:2026-10-10T01:42:56.450321+00:00
yahoo-ticker:IEF,IEF,2015-12-01,cash_distribution,0.165,2026-10-10T01:42:57.071590+00:00,yfinance-1.5.2:2026-10-10T01:42:57.071590+00:00
yahoo-ticker:LQD,LQD,2015-12-01,cash_distribution,0.329,2026-10-10T01:42:57.875026+00:00,yfinance-1.5.2:2026-10-10T01:42:57.875026+00:00
yahoo-ticker:MBB,MBB,2015-12-01,cash_distribution,0.746,2026-10-10T01:42:58.253414+00:00,yfinance-1.5.2:2026-10-10T01:42:58.253414+00:00
yahoo-ticker:SHY,SHY,2015-12-01,cash_distribution,0.041,2026-10-10T01:42:59.247733+00:00,yfinance-1.5.2:2026-10-10T01:42:59.247733+00:00
yahoo-ticker:TLT,TLT,2015-12-01,cash_distribution,0.257,2026-10-10T01:43:00.768241+00:00,yfinance-1.5.2:2026-10-10T01:43:00.768241+00:00
yahoo-ticker:VUG,VUG,2015-12-17,cash_distribution,0.068833,2026-10-10T01:43:02.762619+00:00,yfinance-1.5.2:2026-10-10T01:43:02.762619+00:00
yahoo-ticker:QQQ,QQQ,2015-12-18,cash_distribution,0.342,2026-10-10T01:42:58.808927+00:00,yfinance-1.5.2:2026-10-10T01:42:58.808927+00:00
yahoo-ticker:SPY,SPY,2015-12-18,cash_distribution,1.212,2026-10-10T01:42:59.974995+00:00,yfinance-1.5.2:2026-10-10T01:42:59.974995+00:00
yahoo-ticker:XLB,XLB,2015-12-18,cash_distribution,0.1605,2026-10-10T01:43:03.569166+00:00,yfinance-1.5.2:2026-10-10T01:43:03.569166+00:00
yahoo-ticker:XLE,XLE,2015-12-18,cash_distribution,0.271,2026-10-10T01:43:04.018451+00:00,yfinance-1.5.2:2026-10-10T01:43:04.018451+00:00
yahoo-ticker:XLF,XLF,2015-12-18,cash_distribution,0.121852,2026-10-10T01:43:04.466526+00:00,yfinance-1.5.2:2026-10-10T01:43:04.466526+00:00
yahoo-ticker:XLI,XLI,2015-12-18,cash_distribution,0.319,2026-10-10T01:43:04.894763+00:00,yfinance-1.5.2:2026-10-10T01:43:04.894763+00:00
yahoo-ticker:XLK,XLK,2015-12-18,cash_distribution,0.108,2026-10-10T01:43:05.330588+00:00,yfinance-1.5.2:2026-10-10T01:43:05.330588+00:00
yahoo-ticker:XLP,XLP,2015-12-18,cash_distribution,0.37,2026-10-10T01:43:05.749242+00:00,yfinance-1.5.2:2026-10-10T01:43:05.749242+00:00
yahoo-ticker:XLU,XLU,2015-12-18,cash_distribution,0.2225,2026-10-10T01:43:06.185048+00:00,yfinance-1.5.2:2026-10-10T01:43:06.185048+00:00
yahoo-ticker:XLV,XLV,2015-12-18,cash_distribution,0.303,2026-10-10T01:43:06.570262+00:00,yfinance-1.5.2:2026-10-10T01:43:06.570262+00:00
yahoo-ticker:XLY,XLY,2015-12-18,cash_distribution,0.1625,2026-10-10T01:43:07.010195+00:00,yfinance-1.5.2:2026-10-10T01:43:07.010195+00:00
yahoo-ticker:EEM,EEM,2015-12-21,cash_distribution,0.501,2026-10-10T01:42:55.050042+00:00,yfinance-1.5.2:2026-10-10T01:42:55.050042+00:00
yahoo-ticker:EFA,EFA,2015-12-21,cash_distribution,0.508,2026-10-10T01:42:55.419695+00:00,yfinance-1.5.2:2026-10-10T01:42:55.419695+00:00
yahoo-ticker:EWJ,EWJ,2015-12-21,cash_distribution,0.352,2026-10-10T01:42:55.842554+00:00,yfinance-1.5.2:2026-10-10T01:42:55.842554+00:00
yahoo-ticker:VEA,VEA,2015-12-21,cash_distribution,0.221,2026-10-10T01:43:01.730564+00:00,yfinance-1.5.2:2026-10-10T01:43:01.730564+00:00
yahoo-ticker:VTV,VTV,2015-12-21,cash_distribution,0.588,2026-10-10T01:43:02.424133+00:00,yfinance-1.5.2:2026-10-10T01:43:02.424133+00:00
yahoo-ticker:VWO,VWO,2015-12-21,cash_distribution,0.159,2026-10-10T01:43:03.149780+00:00,yfinance-1.5.2:2026-10-10T01:43:03.149780+00:00
yahoo-ticker:VNQ,VNQ,2015-12-23,cash_distribution,1.098,2026-10-10T01:43:02.060468+00:00,yfinance-1.5.2:2026-10-10T01:43:02.060468+00:00
yahoo-ticker:HYG,HYG,2015-12-24,cash_distribution,0.424,2026-10-10T01:42:56.450321+00:00,yfinance-1.5.2:2026-10-10T01:42:56.450321+00:00
yahoo-ticker:IEF,IEF,2015-12-24,cash_distribution,0.164,2026-10-10T01:42:57.071590+00:00,yfinance-1.5.2:2026-10-10T01:42:57.071590+00:00
yahoo-ticker:IWM,IWM,2015-12-24,cash_distribution,0.496,2026-10-10T01:42:57.484124+00:00,yfinance-1.5.2:2026-10-10T01:42:57.484124+00:00
yahoo-ticker:LQD,LQD,2015-12-24,cash_distribution,0.322,2026-10-10T01:42:57.875026+00:00,yfinance-1.5.2:2026-10-10T01:42:57.875026+00:00
yahoo-ticker:MBB,MBB,2015-12-24,cash_distribution,0.386,2026-10-10T01:42:58.253414+00:00,yfinance-1.5.2:2026-10-10T01:42:58.253414+00:00
yahoo-ticker:SHY,SHY,2015-12-24,cash_distribution,0.043,2026-10-10T01:42:59.247733+00:00,yfinance-1.5.2:2026-10-10T01:42:59.247733+00:00
yahoo-ticker:TLT,TLT,2015-12-24,cash_distribution,0.254,2026-10-10T01:43:00.768241+00:00,yfinance-1.5.2:2026-10-10T01:43:00.768241+00:00
yahoo-ticker:HYG,HYG,2016-02-01,cash_distribution,0.391,2026-10-10T01:42:56.450321+00:00,yfinance-1.5.2:2026-10-10T01:42:56.450321+00:00
yahoo-ticker:IEF,IEF,2016-02-01,cash_distribution,0.159,2026-10-10T01:42:57.071590+00:00,yfinance-1.5.2:2026-10-10T01:42:57.071590+00:00
yahoo-ticker:LQD,LQD,2016-02-01,cash_distribution,0.337,2026-10-10T01:42:57.875026+00:00,yfinance-1.5.2:2026-10-10T01:42:57.875026+00:00
yahoo-ticker:MBB,MBB,2016-02-01,cash_distribution,0.191,2026-10-10T01:42:58.253414+00:00,yfinance-1.5.2:2026-10-10T01:42:58.253414+00:00
yahoo-ticker:SHY,SHY,2016-02-01,cash_distribution,0.045,2026-10-10T01:42:59.247733+00:00,yfinance-1.5.2:2026-10-10T01:42:59.247733+00:00
yahoo-ticker:TLT,TLT,2016-02-01,cash_distribution,0.241,2026-10-10T01:43:00.768241+00:00,yfinance-1.5.2:2026-10-10T01:43:00.768241+00:00
yahoo-ticker:HYG,HYG,2016-03-01,cash_distribution,0.419,2026-10-10T01:42:56.450321+00:00,yfinance-1.5.2:2026-10-10T01:42:56.450321+00:00
yahoo-ticker:IEF,IEF,2016-03-01,cash_distribution,0.157,2026-10-10T01:42:57.071590+00:00,yfinance-1.5.2:2026-10-10T01:42:57.071590+00:00
yahoo-ticker:LQD,LQD,2016-03-01,cash_distribution,0.335,2026-10-10T01:42:57.875026+00:00,yfinance-1.5.2:2026-10-10T01:42:57.875026+00:00
yahoo-ticker:SHY,SHY,2016-03-01,cash_distribution,0.047,2026-10-10T01:42:59.247733+00:00,yfinance-1.5.2:2026-10-10T01:42:59.247733+00:00
yahoo-ticker:TLT,TLT,2016-03-01,cash_distribution,0.248,2026-10-10T01:43:00.768241+00:00,yfinance-1.5.2:2026-10-10T01:43:00.768241+00:00
yahoo-ticker:VEA,VEA,2016-03-15,cash_distribution,0.157,2026-10-10T01:43:01.730564+00:00,yfinance-1.5.2:2026-10-10T01:43:01.730564+00:00
yahoo-ticker:VWO,VWO,2016-03-15,cash_distribution,0.057,2026-10-10T01:43:03.149780+00:00,yfinance-1.5.2:2026-10-10T01:43:03.149780+00:00
yahoo-ticker:QQQ,QQQ,2016-03-18,cash_distribution,0.318,2026-10-10T01:42:58.808927+00:00,yfinance-1.5.2:2026-10-10T01:42:58.808927+00:00
yahoo-ticker:SPY,SPY,2016-03-18,cash_distribution,1.05,2026-10-10T01:42:59.974995+00:00,yfinance-1.5.2:2026-10-10T01:42:59.974995+00:00
yahoo-ticker:XLB,XLB,2016-03-18,cash_distribution,0.0785,2026-10-10T01:43:03.569166+00:00,yfinance-1.5.2:2026-10-10T01:43:03.569166+00:00
yahoo-ticker:XLE,XLE,2016-03-18,cash_distribution,0.226,2026-10-10T01:43:04.018451+00:00,yfinance-1.5.2:2026-10-10T01:43:04.018451+00:00
yahoo-ticker:XLF,XLF,2016-03-18,cash_distribution,0.081235,2026-10-10T01:43:04.466526+00:00,yfinance-1.5.2:2026-10-10T01:43:04.466526+00:00
yahoo-ticker:XLI,XLI,2016-03-18,cash_distribution,0.283,2026-10-10T01:43:04.894763+00:00,yfinance-1.5.2:2026-10-10T01:43:04.894763+00:00
yahoo-ticker:XLK,XLK,2016-03-18,cash_distribution,0.11,2026-10-10T01:43:05.330588+00:00,yfinance-1.5.2:2026-10-10T01:43:05.330588+00:00
yahoo-ticker:XLP,XLP,2016-03-18,cash_distribution,0.271,2026-10-10T01:43:05.749242+00:00,yfinance-1.5.2:2026-10-10T01:43:05.749242+00:00
yahoo-ticker:XLU,XLU,2016-03-18,cash_distribution,0.184,2026-10-10T01:43:06.185048+00:00,yfinance-1.5.2:2026-10-10T01:43:06.185048+00:00
yahoo-ticker:XLV,XLV,2016-03-18,cash_distribution,0.237,2026-10-10T01:43:06.570262+00:00,yfinance-1.5.2:2026-10-10T01:43:06.570262+00:00
yahoo-ticker:XLY,XLY,2016-03-18,cash_distribution,0.1605,2026-10-10T01:43:07.010195+00:00,yfinance-1.5.2:2026-10-10T01:43:07.010195+00:00
yahoo-ticker:VNQ,VNQ,2016-03-21,cash_distribution,0.919,2026-10-10T01:43:02.060468+00:00,yfinance-1.5.2:2026-10-10T01:43:02.060468+00:00
yahoo-ticker:VTV,VTV,2016-03-21,cash_distribution,0.536,2026-10-10T01:43:02.424133+00:00,yfinance-1.5.2:2026-10-10T01:43:02.424133+00:00
yahoo-ticker:VUG,VUG,2016-03-21,cash_distribution,0.053333,2026-10-10T01:43:02.762619+00:00,yfinance-1.5.2:2026-10-10T01:43:02.762619+00:00
yahoo-ticker:IWM,IWM,2016-03-23,cash_distribution,0.327,2026-10-10T01:42:57.484124+00:00,yfinance-1.5.2:2026-10-10T01:42:57.484124+00:00
yahoo-ticker:HYG,HYG,2016-04-01,cash_distribution,0.379,2026-10-10T01:42:56.450321+00:00,yfinance-1.5.2:2026-10-10T01:42:56.450321+00:00
yahoo-ticker:IEF,IEF,2016-04-01,cash_distribution,0.168,2026-10-10T01:42:57.071590+00:00,yfinance-1.5.2:2026-10-10T01:42:57.071590+00:00
yahoo-ticker:LQD,LQD,2016-04-01,cash_distribution,0.332,2026-10-10T01:42:57.875026+00:00,yfinance-1.5.2:2026-10-10T01:42:57.875026+00:00
yahoo-ticker:MBB,MBB,2016-04-01,cash_distribution,0.199,2026-10-10T01:42:58.253414+00:00,yfinance-1.5.2:2026-10-10T01:42:58.253414+00:00
yahoo-ticker:SHY,SHY,2016-04-01,cash_distribution,0.051,2026-10-10T01:42:59.247733+00:00,yfinance-1.5.2:2026-10-10T01:42:59.247733+00:00
yahoo-ticker:TLT,TLT,2016-04-01,cash_distribution,0.27,2026-10-10T01:43:00.768241+00:00,yfinance-1.5.2:2026-10-10T01:43:00.768241+00:00
yahoo-ticker:HYG,HYG,2016-05-02,cash_distribution,0.382,2026-10-10T01:42:56.450321+00:00,yfinance-1.5.2:2026-10-10T01:42:56.450321+00:00
yahoo-ticker:IEF,IEF,2016-05-02,cash_distribution,0.161,2026-10-10T01:42:57.071590+00:00,yfinance-1.5.2:2026-10-10T01:42:57.071590+00:00
yahoo-ticker:LQD,LQD,2016-05-02,cash_distribution,0.325,2026-10-10T01:42:57.875026+00:00,yfinance-1.5.2:2026-10-10T01:42:57.875026+00:00
yahoo-ticker:MBB,MBB,2016-05-02,cash_distribution,0.18,2026-10-10T01:42:58.253414+00:00,yfinance-1.5.2:2026-10-10T01:42:58.253414+00:00
yahoo-ticker:SHY,SHY,2016-05-02,cash_distribution,0.049,2026-10-10T01:42:59.247733+00:00,yfinance-1.5.2:2026-10-10T01:42:59.247733+00:00
yahoo-ticker:TLT,TLT,2016-05-02,cash_distribution,0.26,2026-10-10T01:43:00.768241+00:00,yfinance-1.5.2:2026-10-10T01:43:00.768241+00:00
yahoo-ticker:HYG,HYG,2016-06-01,cash_distribution,0.402,2026-10-10T01:42:56.450321+00:00,yfinance-1.5.2:2026-10-10T01:42:56.450321+00:00
yahoo-ticker:IEF,IEF,2016-06-01,cash_distribution,0.163,2026-10-10T01:42:57.071590+00:00,yfinance-1.5.2:2026-10-10T01:42:57.071590+00:00
yahoo-ticker:LQD,LQD,2016-06-01,cash_distribution,0.334,2026-10-10T01:42:57.875026+00:00,yfinance-1.5.2:2026-10-10T01:42:57.875026+00:00
yahoo-ticker:MBB,MBB,2016-06-01,cash_distribution,0.187,2026-10-10T01:42:58.253414+00:00,yfinance-1.5.2:2026-10-10T01:42:58.253414+00:00
yahoo-ticker:SHY,SHY,2016-06-01,cash_distribution,0.051,2026-10-10T01:42:59.247733+00:00,yfinance-1.5.2:2026-10-10T01:42:59.247733+00:00
yahoo-ticker:TIP,TIP,2016-06-01,cash_distribution,0.036,2026-10-10T01:43:00.393852+00:00,yfinance-1.5.2:2026-10-10T01:43:00.393852+00:00
yahoo-ticker:TLT,TLT,2016-06-01,cash_distribution,0.267,2026-10-10T01:43:00.768241+00:00,yfinance-1.5.2:2026-10-10T01:43:00.768241+00:00
yahoo-ticker:VEA,VEA,2016-06-14,cash_distribution,0.482,2026-10-10T01:43:01.730564+00:00,yfinance-1.5.2:2026-10-10T01:43:01.730564+00:00
yahoo-ticker:VTV,VTV,2016-06-14,cash_distribution,0.484,2026-10-10T01:43:02.424133+00:00,yfinance-1.5.2:2026-10-10T01:43:02.424133+00:00
yahoo-ticker:VUG,VUG,2016-06-14,cash_distribution,0.053833,2026-10-10T01:43:02.762619+00:00,yfinance-1.5.2:2026-10-10T01:43:02.762619+00:00
yahoo-ticker:VWO,VWO,2016-06-14,cash_distribution,0.223,2026-10-10T01:43:03.149780+00:00,yfinance-1.5.2:2026-10-10T01:43:03.149780+00:00
yahoo-ticker:QQQ,QQQ,2016-06-17,cash_distribution,0.287,2026-10-10T01:42:58.808927+00:00,yfinance-1.5.2:2026-10-10T01:42:58.808927+00:00
yahoo-ticker:SPY,SPY,2016-06-17,cash_distribution,1.078,2026-10-10T01:42:59.974995+00:00,yfinance-1.5.2:2026-10-10T01:42:59.974995+00:00
yahoo-ticker:XLB,XLB,2016-06-17,cash_distribution,0.1175,2026-10-10T01:43:03.569166+00:00,yfinance-1.5.2:2026-10-10T01:43:03.569166+00:00
yahoo-ticker:XLE,XLE,2016-06-17,cash_distribution,0.218,2026-10-10T01:43:04.018451+00:00,yfinance-1.5.2:2026-10-10T01:43:04.018451+00:00
yahoo-ticker:XLF,XLF,2016-06-17,cash_distribution,0.098294,2026-10-10T01:43:04.466526+00:00,yfinance-1.5.2:2026-10-10T01:43:04.466526+00:00
yahoo-ticker:XLI,XLI,2016-06-17,cash_distribution,0.307,2026-10-10T01:43:04.894763+00:00,yfinance-1.5.2:2026-10-10T01:43:04.894763+00:00
yahoo-ticker:XLK,XLK,2016-06-17,cash_distribution,0.1055,2026-10-10T01:43:05.330588+00:00,yfinance-1.5.2:2026-10-10T01:43:05.330588+00:00
yahoo-ticker:XLP,XLP,2016-06-17,cash_distribution,0.323,2026-10-10T01:43:05.749242+00:00,yfinance-1.5.2:2026-10-10T01:43:05.749242+00:00
yahoo-ticker:XLU,XLU,2016-06-17,cash_distribution,0.206,2026-10-10T01:43:06.185048+00:00,yfinance-1.5.2:2026-10-10T01:43:06.185048+00:00
yahoo-ticker:XLV,XLV,2016-06-17,cash_distribution,0.285,2026-10-10T01:43:06.570262+00:00,yfinance-1.5.2:2026-10-10T01:43:06.570262+00:00
yahoo-ticker:XLY,XLY,2016-06-17,cash_distribution,0.1385,2026-10-10T01:43:07.010195+00:00,yfinance-1.5.2:2026-10-10T01:43:07.010195+00:00
yahoo-ticker:VNQ,VNQ,2016-06-21,cash_distribution,0.764,2026-10-10T01:43:02.060468+00:00,yfinance-1.5.2:2026-10-10T01:43:02.060468+00:00
yahoo-ticker:EEM,EEM,2016-06-22,cash_distribution,0.266,2026-10-10T01:42:55.050042+00:00,yfinance-1.5.2:2026-10-10T01:42:55.050042+00:00
yahoo-ticker:EFA,EFA,2016-06-22,cash_distribution,1.175,2026-10-10T01:42:55.419695+00:00,yfinance-1.5.2:2026-10-10T01:42:55.419695+00:00
yahoo-ticker:EWJ,EWJ,2016-06-22,cash_distribution,0.368,2026-10-10T01:42:55.842554+00:00,yfinance-1.5.2:2026-10-10T01:42:55.842554+00:00
yahoo-ticker:HYG,HYG,2016-07-01,cash_distribution,0.397,2026-10-10T01:42:56.450321+00:00,yfinance-1.5.2:2026-10-10T01:42:56.450321+00:00
yahoo-ticker:IEF,IEF,2016-07-01,cash_distribution,0.158,2026-10-10T01:42:57.071590+00:00,yfinance-1.5.2:2026-10-10T01:42:57.071590+00:00
yahoo-ticker:LQD,LQD,2016-07-01,cash_distribution,0.331,2026-10-10T01:42:57.875026+00:00,yfinance-1.5.2:2026-10-10T01:42:57.875026+00:00
yahoo-ticker:MBB,MBB,2016-07-01,cash_distribution,0.189,2026-10-10T01:42:58.253414+00:00,yfinance-1.5.2:2026-10-10T01:42:58.253414+00:00
yahoo-ticker:SHY,SHY,2016-07-01,cash_distribution,0.05,2026-10-10T01:42:59.247733+00:00,yfinance-1.5.2:2026-10-10T01:42:59.247733+00:00
yahoo-ticker:TIP,TIP,2016-07-01,cash_distribution,0.512,2026-10-10T01:43:00.393852+00:00,yfinance-1.5.2:2026-10-10T01:43:00.393852+00:00
yahoo-ticker:TLT,TLT,2016-07-01,cash_distribution,0.255,2026-10-10T01:43:00.768241+00:00,yfinance-1.5.2:2026-10-10T01:43:00.768241+00:00
yahoo-ticker:IWM,IWM,2016-07-06,cash_distribution,0.621,2026-10-10T01:42:57.484124+00:00,yfinance-1.5.2:2026-10-10T01:42:57.484124+00:00
yahoo-ticker:HYG,HYG,2016-08-01,cash_distribution,0.383,2026-10-10T01:42:56.450321+00:00,yfinance-1.5.2:2026-10-10T01:42:56.450321+00:00
yahoo-ticker:IEF,IEF,2016-08-01,cash_distribution,0.158,2026-10-10T01:42:57.071590+00:00,yfinance-1.5.2:2026-10-10T01:42:57.071590+00:00
yahoo-ticker:LQD,LQD,2016-08-01,cash_distribution,0.323,2026-10-10T01:42:57.875026+00:00,yfinance-1.5.2:2026-10-10T01:42:57.875026+00:00
yahoo-ticker:MBB,MBB,2016-08-01,cash_distribution,0.173,2026-10-10T01:42:58.253414+00:00,yfinance-1.5.2:2026-10-10T01:42:58.253414+00:00
yahoo-ticker:SHY,SHY,2016-08-01,cash_distribution,0.051,2026-10-10T01:42:59.247733+00:00,yfinance-1.5.2:2026-10-10T01:42:59.247733+00:00
yahoo-ticker:TIP,TIP,2016-08-01,cash_distribution,0.461,2026-10-10T01:43:00.393852+00:00,yfinance-1.5.2:2026-10-10T01:43:00.393852+00:00
yahoo-ticker:TLT,TLT,2016-08-01,cash_distribution,0.258,2026-10-10T01:43:00.768241+00:00,yfinance-1.5.2:2026-10-10T01:43:00.768241+00:00
yahoo-ticker:HYG,HYG,2016-09-01,cash_distribution,0.371,2026-10-10T01:42:56.450321+00:00,yfinance-1.5.2:2026-10-10T01:42:56.450321+00:00
yahoo-ticker:IEF,IEF,2016-09-01,cash_distribution,0.155,2026-10-10T01:42:57.071590+00:00,yfinance-1.5.2:2026-10-10T01:42:57.071590+00:00
yahoo-ticker:LQD,LQD,2016-09-01,cash_distribution,0.32,2026-10-10T01:42:57.875026+00:00,yfinance-1.5.2:2026-10-10T01:42:57.875026+00:00
yahoo-ticker:MBB,MBB,2016-09-01,cash_distribution,0.175,2026-10-10T01:42:58.253414+00:00,yfinance-1.5.2:2026-10-10T01:42:58.253414+00:00
yahoo-ticker:SHY,SHY,2016-09-01,cash_distribution,0.05,2026-10-10T01:42:59.247733+00:00,yfinance-1.5.2:2026-10-10T01:42:59.247733+00:00
yahoo-ticker:TIP,TIP,2016-09-01,cash_distribution,0.418,2026-10-10T01:43:00.393852+00:00,yfinance-1.5.2:2026-10-10T01:43:00.393852+00:00
yahoo-ticker:TLT,TLT,2016-09-01,cash_distribution,0.254,2026-10-10T01:43:00.768241+00:00,yfinance-1.5.2:2026-10-10T01:43:00.768241+00:00
yahoo-ticker:VEA,VEA,2016-09-13,cash_distribution,0.175,2026-10-10T01:43:01.730564+00:00,yfinance-1.5.2:2026-10-10T01:43:01.730564+00:00
yahoo-ticker:VNQ,VNQ,2016-09-13,cash_distribution,0.598,2026-10-10T01:43:02.060468+00:00,yfinance-1.5.2:2026-10-10T01:43:02.060468+00:00
yahoo-ticker:VTV,VTV,2016-09-13,cash_distribution,0.558,2026-10-10T01:43:02.424133+00:00,yfinance-1.5.2:2026-10-10T01:43:02.424133+00:00
yahoo-ticker:VUG,VUG,2016-09-13,cash_distribution,0.062667,2026-10-10T01:43:02.762619+00:00,yfinance-1.5.2:2026-10-10T01:43:02.762619+00:00
yahoo-ticker:VWO,VWO,2016-09-13,cash_distribution,0.45,2026-10-10T01:43:03.149780+00:00,yfinance-1.5.2:2026-10-10T01:43:03.149780+00:00
yahoo-ticker:QQQ,QQQ,2016-09-16,cash_distribution,0.294,2026-10-10T01:42:58.808927+00:00,yfinance-1.5.2:2026-10-10T01:42:58.808927+00:00
yahoo-ticker:SPY,SPY,2016-09-16,cash_distribution,1.082,2026-10-10T01:42:59.974995+00:00,yfinance-1.5.2:2026-10-10T01:42:59.974995+00:00
yahoo-ticker:XLB,XLB,2016-09-16,cash_distribution,0.121,2026-10-10T01:43:03.569166+00:00,yfinance-1.5.2:2026-10-10T01:43:03.569166+00:00
yahoo-ticker:XLE,XLE,2016-09-16,cash_distribution,0.2055,2026-10-10T01:43:04.018451+00:00,yfinance-1.5.2:2026-10-10T01:43:04.018451+00:00
yahoo-ticker:XLF,XLF,2016-09-16,cash_distribution,0.092608,2026-10-10T01:43:04.466526+00:00,yfinance-1.5.2:2026-10-10T01:43:04.466526+00:00
yahoo-ticker:XLI,XLI,2016-09-16,cash_distribution,0.312,2026-10-10T01:43:04.894763+00:00,yfinance-1.5.2:2026-10-10T01:43:04.894763+00:00
yahoo-ticker:XLK,XLK,2016-09-16,cash_distribution,0.098,2026-10-10T01:43:05.330588+00:00,yfinance-1.5.2:2026-10-10T01:43:05.330588+00:00
yahoo-ticker:XLP,XLP,2016-09-16,cash_distribution,0.328,2026-10-10T01:43:05.749242+00:00,yfinance-1.5.2:2026-10-10T01:43:05.749242+00:00
yahoo-ticker:XLU,XLU,2016-09-16,cash_distribution,0.208,2026-10-10T01:43:06.185048+00:00,yfinance-1.5.2:2026-10-10T01:43:06.185048+00:00
yahoo-ticker:XLV,XLV,2016-09-16,cash_distribution,0.279,2026-10-10T01:43:06.570262+00:00,yfinance-1.5.2:2026-10-10T01:43:06.570262+00:00
yahoo-ticker:XLY,XLY,2016-09-16,cash_distribution,0.15,2026-10-10T01:43:07.010195+00:00,yfinance-1.5.2:2026-10-10T01:43:07.010195+00:00
yahoo-ticker:XLF,XLF,2016-09-19,stock_split,1.231,2026-10-10T01:43:04.466526+00:00,yfinance-1.5.2:2026-10-10T01:43:04.466526+00:00
yahoo-ticker:IWM,IWM,2016-09-26,cash_distribution,0.344,2026-10-10T01:42:57.484124+00:00,yfinance-1.5.2:2026-10-10T01:42:57.484124+00:00
yahoo-ticker:HYG,HYG,2016-10-03,cash_distribution,0.386,2026-10-10T01:42:56.450321+00:00,yfinance-1.5.2:2026-10-10T01:42:56.450321+00:00
yahoo-ticker:IEF,IEF,2016-10-03,cash_distribution,0.15,2026-10-10T01:42:57.071590+00:00,yfinance-1.5.2:2026-10-10T01:42:57.071590+00:00
yahoo-ticker:LQD,LQD,2016-10-03,cash_distribution,0.322,2026-10-10T01:42:57.875026+00:00,yfinance-1.5.2:2026-10-10T01:42:57.875026+00:00
yahoo-ticker:MBB,MBB,2016-10-03,cash_distribution,0.158,2026-10-10T01:42:58.253414+00:00,yfinance-1.5.2:2026-10-10T01:42:58.253414+00:00
yahoo-ticker:SHY,SHY,2016-10-03,cash_distribution,0.049,2026-10-10T01:42:59.247733+00:00,yfinance-1.5.2:2026-10-10T01:42:59.247733+00:00
yahoo-ticker:TLT,TLT,2016-10-03,cash_distribution,0.247,2026-10-10T01:43:00.768241+00:00,yfinance-1.5.2:2026-10-10T01:43:00.768241+00:00
yahoo-ticker:HYG,HYG,2016-11-01,cash_distribution,0.386,2026-10-10T01:42:56.450321+00:00,yfinance-1.5.2:2026-10-10T01:42:56.450321+00:00
yahoo-ticker:IEF,IEF,2016-11-01,cash_distribution,0.154,2026-10-10T01:42:57.071590+00:00,yfinance-1.5.2:2026-10-10T01:42:57.071590+00:00
yahoo-ticker:LQD,LQD,2016-11-01,cash_distribution,0.318,2026-10-10T01:42:57.875026+00:00,yfinance-1.5.2:2026-10-10T01:42:57.875026+00:00
yahoo-ticker:MBB,MBB,2016-11-01,cash_distribution,0.171,2026-10-10T01:42:58.253414+00:00,yfinance-1.5.2:2026-10-10T01:42:58.253414+00:00
yahoo-ticker:SHY,SHY,2016-11-01,cash_distribution,0.051,2026-10-10T01:42:59.247733+00:00,yfinance-1.5.2:2026-10-10T01:42:59.247733+00:00
yahoo-ticker:TLT,TLT,2016-11-01,cash_distribution,0.25,2026-10-10T01:43:00.768241+00:00,yfinance-1.5.2:2026-10-10T01:43:00.768241+00:00
yahoo-ticker:EWJ,EWJ,2016-11-07,stock_split,0.25,2026-10-10T01:42:55.842554+00:00,yfinance-1.5.2:2026-10-10T01:42:55.842554+00:00
yahoo-ticker:BIL,BIL,2016-12-01,cash_distribution,0.042,2026-10-10T01:42:54.346149+00:00,yfinance-1.5.2:2026-10-10T01:42:54.346149+00:00
yahoo-ticker:HYG,HYG,2016-12-01,cash_distribution,0.381,2026-10-10T01:42:56.450321+00:00,yfinance-1.5.2:2026-10-10T01:42:56.450321+00:00
yahoo-ticker:IEF,IEF,2016-12-01,cash_distribution,0.149,2026-10-10T01:42:57.071590+00:00,yfinance-1.5.2:2026-10-10T01:42:57.071590+00:00
yahoo-ticker:LQD,LQD,2016-12-01,cash_distribution,0.317,2026-10-10T01:42:57.875026+00:00,yfinance-1.5.2:2026-10-10T01:42:57.875026+00:00
yahoo-ticker:MBB,MBB,2016-12-01,cash_distribution,0.417,2026-10-10T01:42:58.253414+00:00,yfinance-1.5.2:2026-10-10T01:42:58.253414+00:00
yahoo-ticker:SHY,SHY,2016-12-01,cash_distribution,0.05,2026-10-10T01:42:59.247733+00:00,yfinance-1.5.2:2026-10-10T01:42:59.247733+00:00
yahoo-ticker:TIP,TIP,2016-12-01,cash_distribution,0.244,2026-10-10T01:43:00.393852+00:00,yfinance-1.5.2:2026-10-10T01:43:00.393852+00:00
yahoo-ticker:TLT,TLT,2016-12-01,cash_distribution,0.243,2026-10-10T01:43:00.768241+00:00,yfinance-1.5.2:2026-10-10T01:43:00.768241+00:00
yahoo-ticker:PDBC,PDBC,2016-12-16,cash_distribution,1.124,2026-10-10T01:42:58.484360+00:00,yfinance-1.5.2:2026-10-10T01:42:58.484360+00:00
yahoo-ticker:QQQ,QQQ,2016-12-16,cash_distribution,0.355,2026-10-10T01:42:58.808927+00:00,yfinance-1.5.2:2026-10-10T01:42:58.808927+00:00
yahoo-ticker:SPY,SPY,2016-12-16,cash_distribution,1.329,2026-10-10T01:42:59.974995+00:00,yfinance-1.5.2:2026-10-10T01:42:59.974995+00:00
yahoo-ticker:XLB,XLB,2016-12-16,cash_distribution,0.167,2026-10-10T01:43:03.569166+00:00,yfinance-1.5.2:2026-10-10T01:43:03.569166+00:00
yahoo-ticker:XLE,XLE,2016-12-16,cash_distribution,0.201,2026-10-10T01:43:04.018451+00:00,yfinance-1.5.2:2026-10-10T01:43:04.018451+00:00
yahoo-ticker:XLF,XLF,2016-12-16,cash_distribution,0.107,2026-10-10T01:43:04.466526+00:00,yfinance-1.5.2:2026-10-10T01:43:04.466526+00:00
yahoo-ticker:XLI,XLI,2016-12-16,cash_distribution,0.384,2026-10-10T01:43:04.894763+00:00,yfinance-1.5.2:2026-10-10T01:43:04.894763+00:00
yahoo-ticker:XLK,XLK,2016-12-16,cash_distribution,0.108,2026-10-10T01:43:05.330588+00:00,yfinance-1.5.2:2026-10-10T01:43:05.330588+00:00
yahoo-ticker:XLP,XLP,2016-12-16,cash_distribution,0.386,2026-10-10T01:43:05.749242+00:00,yfinance-1.5.2:2026-10-10T01:43:05.749242+00:00
yahoo-ticker:XLU,XLU,2016-12-16,cash_distribution,0.2315,2026-10-10T01:43:06.185048+00:00,yfinance-1.5.2:2026-10-10T01:43:06.185048+00:00
yahoo-ticker:XLV,XLV,2016-12-16,cash_distribution,0.305,2026-10-10T01:43:06.570262+00:00,yfinance-1.5.2:2026-10-10T01:43:06.570262+00:00
yahoo-ticker:XLY,XLY,2016-12-16,cash_distribution,0.246,2026-10-10T01:43:07.010195+00:00,yfinance-1.5.2:2026-10-10T01:43:07.010195+00:00
yahoo-ticker:VWO,VWO,2016-12-20,cash_distribution,0.17,2026-10-10T01:43:03.149780+00:00,yfinance-1.5.2:2026-10-10T01:43:03.149780+00:00
yahoo-ticker:EEM,EEM,2016-12-21,cash_distribution,0.396,2026-10-10T01:42:55.050042+00:00,yfinance-1.5.2:2026-10-10T01:42:55.050042+00:00
yahoo-ticker:EFA,EFA,2016-12-21,cash_distribution,0.596,2026-10-10T01:42:55.419695+00:00,yfinance-1.5.2:2026-10-10T01:42:55.419695+00:00
yahoo-ticker:EWJ,EWJ,2016-12-21,cash_distribution,0.583,2026-10-10T01:42:55.842554+00:00,yfinance-1.5.2:2026-10-10T01:42:55.842554+00:00
yahoo-ticker:HYG,HYG,2016-12-22,cash_distribution,0.286,2026-10-10T01:42:56.450321+00:00,yfinance-1.5.2:2026-10-10T01:42:56.450321+00:00
yahoo-ticker:IEF,IEF,2016-12-22,cash_distribution,0.165,2026-10-10T01:42:57.071590+00:00,yfinance-1.5.2:2026-10-10T01:42:57.071590+00:00
yahoo-ticker:IWM,IWM,2016-12-22,cash_distribution,0.563,2026-10-10T01:42:57.484124+00:00,yfinance-1.5.2:2026-10-10T01:42:57.484124+00:00
yahoo-ticker:LQD,LQD,2016-12-22,cash_distribution,0.318,2026-10-10T01:42:57.875026+00:00,yfinance-1.5.2:2026-10-10T01:42:57.875026+00:00
yahoo-ticker:MBB,MBB,2016-12-22,cash_distribution,0.512,2026-10-10T01:42:58.253414+00:00,yfinance-1.5.2:2026-10-10T01:42:58.253414+00:00
yahoo-ticker:SHY,SHY,2016-12-22,cash_distribution,0.061,2026-10-10T01:42:59.247733+00:00,yfinance-1.5.2:2026-10-10T01:42:59.247733+00:00
yahoo-ticker:TLT,TLT,2016-12-22,cash_distribution,0.309,2026-10-10T01:43:00.768241+00:00,yfinance-1.5.2:2026-10-10T01:43:00.768241+00:00
yahoo-ticker:VEA,VEA,2016-12-22,cash_distribution,0.3,2026-10-10T01:43:01.730564+00:00,yfinance-1.5.2:2026-10-10T01:43:01.730564+00:00
yahoo-ticker:VNQ,VNQ,2016-12-22,cash_distribution,1.695,2026-10-10T01:43:02.060468+00:00,yfinance-1.5.2:2026-10-10T01:43:02.060468+00:00
yahoo-ticker:VTV,VTV,2016-12-22,cash_distribution,0.695,2026-10-10T01:43:02.424133+00:00,yfinance-1.5.2:2026-10-10T01:43:02.424133+00:00
yahoo-ticker:VUG,VUG,2016-12-22,cash_distribution,0.088,2026-10-10T01:43:02.762619+00:00,yfinance-1.5.2:2026-10-10T01:43:02.762619+00:00
yahoo-ticker:BIL,BIL,2016-12-28,cash_distribution,0.018,2026-10-10T01:42:54.346149+00:00,yfinance-1.5.2:2026-10-10T01:42:54.346149+00:00
yahoo-ticker:BIL,BIL,2017-02-01,cash_distribution,0.026,2026-10-10T01:42:54.346149+00:00,yfinance-1.5.2:2026-10-10T01:42:54.346149+00:00
yahoo-ticker:HYG,HYG,2017-02-01,cash_distribution,0.382,2026-10-10T01:42:56.450321+00:00,yfinance-1.5.2:2026-10-10T01:42:56.450321+00:00
yahoo-ticker:IEF,IEF,2017-02-01,cash_distribution,0.159,2026-10-10T01:42:57.071590+00:00,yfinance-1.5.2:2026-10-10T01:42:57.071590+00:00
yahoo-ticker:LQD,LQD,2017-02-01,cash_distribution,0.316,2026-10-10T01:42:57.875026+00:00,yfinance-1.5.2:2026-10-10T01:42:57.875026+00:00
yahoo-ticker:MBB,MBB,2017-02-01,cash_distribution,0.193,2026-10-10T01:42:58.253414+00:00,yfinance-1.5.2:2026-10-10T01:42:58.253414+00:00
yahoo-ticker:SHY,SHY,2017-02-01,cash_distribution,0.051,2026-10-10T01:42:59.247733+00:00,yfinance-1.5.2:2026-10-10T01:42:59.247733+00:00
yahoo-ticker:TLT,TLT,2017-02-01,cash_distribution,0.259,2026-10-10T01:43:00.768241+00:00,yfinance-1.5.2:2026-10-10T01:43:00.768241+00:00
yahoo-ticker:BIL,BIL,2017-03-01,cash_distribution,0.024,2026-10-10T01:42:54.346149+00:00,yfinance-1.5.2:2026-10-10T01:42:54.346149+00:00
yahoo-ticker:HYG,HYG,2017-03-01,cash_distribution,0.384,2026-10-10T01:42:56.450321+00:00,yfinance-1.5.2:2026-10-10T01:42:56.450321+00:00
yahoo-ticker:IEF,IEF,2017-03-01,cash_distribution,0.145,2026-10-10T01:42:57.071590+00:00,yfinance-1.5.2:2026-10-10T01:42:57.071590+00:00
yahoo-ticker:LQD,LQD,2017-03-01,cash_distribution,0.321,2026-10-10T01:42:57.875026+00:00,yfinance-1.5.2:2026-10-10T01:42:57.875026+00:00
yahoo-ticker:MBB,MBB,2017-03-01,cash_distribution,0.212,2026-10-10T01:42:58.253414+00:00,yfinance-1.5.2:2026-10-10T01:42:58.253414+00:00
yahoo-ticker:SHY,SHY,2017-03-01,cash_distribution,0.054,2026-10-10T01:42:59.247733+00:00,yfinance-1.5.2:2026-10-10T01:42:59.247733+00:00
yahoo-ticker:TLT,TLT,2017-03-01,cash_distribution,0.234,2026-10-10T01:43:00.768241+00:00,yfinance-1.5.2:2026-10-10T01:43:00.768241+00:00
yahoo-ticker:QQQ,QQQ,2017-03-17,cash_distribution,0.274,2026-10-10T01:42:58.808927+00:00,yfinance-1.5.2:2026-10-10T01:42:58.808927+00:00
yahoo-ticker:SPY,SPY,2017-03-17,cash_distribution,1.033,2026-10-10T01:42:59.974995+00:00,yfinance-1.5.2:2026-10-10T01:42:59.974995+00:00
yahoo-ticker:XLB,XLB,2017-03-17,cash_distribution,0.082,2026-10-10T01:43:03.569166+00:00,yfinance-1.5.2:2026-10-10T01:43:03.569166+00:00
yahoo-ticker:XLE,XLE,2017-03-17,cash_distribution,0.2095,2026-10-10T01:43:04.018451+00:00,yfinance-1.5.2:2026-10-10T01:43:04.018451+00:00
yahoo-ticker:XLF,XLF,2017-03-17,cash_distribution,0.088,2026-10-10T01:43:04.466526+00:00,yfinance-1.5.2:2026-10-10T01:43:04.466526+00:00
yahoo-ticker:XLI,XLI,2017-03-17,cash_distribution,0.297,2026-10-10T01:43:04.894763+00:00,yfinance-1.5.2:2026-10-10T01:43:04.894763+00:00
yahoo-ticker:XLK,XLK,2017-03-17,cash_distribution,0.1025,2026-10-10T01:43:05.330588+00:00,yfinance-1.5.2:2026-10-10T01:43:05.330588+00:00
yahoo-ticker:XLP,XLP,2017-03-17,cash_distribution,0.29,2026-10-10T01:43:05.749242+00:00,yfinance-1.5.2:2026-10-10T01:43:05.749242+00:00
yahoo-ticker:XLU,XLU,2017-03-17,cash_distribution,0.1935,2026-10-10T01:43:06.185048+00:00,yfinance-1.5.2:2026-10-10T01:43:06.185048+00:00
yahoo-ticker:XLV,XLV,2017-03-17,cash_distribution,0.274,2026-10-10T01:43:06.570262+00:00,yfinance-1.5.2:2026-10-10T01:43:06.570262+00:00
yahoo-ticker:XLY,XLY,2017-03-17,cash_distribution,0.1305,2026-10-10T01:43:07.010195+00:00,yfinance-1.5.2:2026-10-10T01:43:07.010195+00:00
yahoo-ticker:VNQ,VNQ,2017-03-22,cash_distribution,0.595,2026-10-10T01:43:02.060468+00:00,yfinance-1.5.2:2026-10-10T01:43:02.060468+00:00
yahoo-ticker:VWO,VWO,2017-03-22,cash_distribution,0.071,2026-10-10T01:43:03.149780+00:00,yfinance-1.5.2:2026-10-10T01:43:03.149780+00:00
yahoo-ticker:IWM,IWM,2017-03-24,cash_distribution,0.387,2026-10-10T01:42:57.484124+00:00,yfinance-1.5.2:2026-10-10T01:42:57.484124+00:00
yahoo-ticker:VEA,VEA,2017-03-24,cash_distribution,0.15,2026-10-10T01:43:01.730564+00:00,yfinance-1.5.2:2026-10-10T01:43:01.730564+00:00
yahoo-ticker:VTV,VTV,2017-03-24,cash_distribution,0.558,2026-10-10T01:43:02.424133+00:00,yfinance-1.5.2:2026-10-10T01:43:02.424133+00:00
yahoo-ticker:VUG,VUG,2017-03-24,cash_distribution,0.063167,2026-10-10T01:43:02.762619+00:00,yfinance-1.5.2:2026-10-10T01:43:02.762619+00:00
yahoo-ticker:BIL,BIL,2017-04-03,cash_distribution,0.028,2026-10-10T01:42:54.346149+00:00,yfinance-1.5.2:2026-10-10T01:42:54.346149+00:00
yahoo-ticker:HYG,HYG,2017-04-03,cash_distribution,0.373,2026-10-10T01:42:56.450321+00:00,yfinance-1.5.2:2026-10-10T01:42:56.450321+00:00
yahoo-ticker:IEF,IEF,2017-04-03,cash_distribution,0.159,2026-10-10T01:42:57.071590+00:00,yfinance-1.5.2:2026-10-10T01:42:57.071590+00:00
yahoo-ticker:LQD,LQD,2017-04-03,cash_distribution,0.318,2026-10-10T01:42:57.875026+00:00,yfinance-1.5.2:2026-10-10T01:42:57.875026+00:00
yahoo-ticker:MBB,MBB,2017-04-03,cash_distribution,0.226,2026-10-10T01:42:58.253414+00:00,yfinance-1.5.2:2026-10-10T01:42:58.253414+00:00
yahoo-ticker:SHY,SHY,2017-04-03,cash_distribution,0.058,2026-10-10T01:42:59.247733+00:00,yfinance-1.5.2:2026-10-10T01:42:59.247733+00:00
yahoo-ticker:TIP,TIP,2017-04-03,cash_distribution,0.155,2026-10-10T01:43:00.393852+00:00,yfinance-1.5.2:2026-10-10T01:43:00.393852+00:00
yahoo-ticker:TLT,TLT,2017-04-03,cash_distribution,0.255,2026-10-10T01:43:00.768241+00:00,yfinance-1.5.2:2026-10-10T01:43:00.768241+00:00
yahoo-ticker:BIL,BIL,2017-05-01,cash_distribution,0.034,2026-10-10T01:42:54.346149+00:00,yfinance-1.5.2:2026-10-10T01:42:54.346149+00:00
yahoo-ticker:HYG,HYG,2017-05-01,cash_distribution,0.375,2026-10-10T01:42:56.450321+00:00,yfinance-1.5.2:2026-10-10T01:42:56.450321+00:00
yahoo-ticker:IEF,IEF,2017-05-01,cash_distribution,0.16,2026-10-10T01:42:57.071590+00:00,yfinance-1.5.2:2026-10-10T01:42:57.071590+00:00
yahoo-ticker:LQD,LQD,2017-05-01,cash_distribution,0.322,2026-10-10T01:42:57.875026+00:00,yfinance-1.5.2:2026-10-10T01:42:57.875026+00:00
yahoo-ticker:MBB,MBB,2017-05-01,cash_distribution,0.23,2026-10-10T01:42:58.253414+00:00,yfinance-1.5.2:2026-10-10T01:42:58.253414+00:00
yahoo-ticker:SHY,SHY,2017-05-01,cash_distribution,0.062,2026-10-10T01:42:59.247733+00:00,yfinance-1.5.2:2026-10-10T01:42:59.247733+00:00
yahoo-ticker:TIP,TIP,2017-05-01,cash_distribution,0.284,2026-10-10T01:43:00.393852+00:00,yfinance-1.5.2:2026-10-10T01:43:00.393852+00:00
yahoo-ticker:TLT,TLT,2017-05-01,cash_distribution,0.255,2026-10-10T01:43:00.768241+00:00,yfinance-1.5.2:2026-10-10T01:43:00.768241+00:00
yahoo-ticker:BIL,BIL,2017-06-01,cash_distribution,0.054,2026-10-10T01:42:54.346149+00:00,yfinance-1.5.2:2026-10-10T01:42:54.346149+00:00
yahoo-ticker:HYG,HYG,2017-06-01,cash_distribution,0.377,2026-10-10T01:42:56.450321+00:00,yfinance-1.5.2:2026-10-10T01:42:56.450321+00:00
yahoo-ticker:IEF,IEF,2017-06-01,cash_distribution,0.164,2026-10-10T01:42:57.071590+00:00,yfinance-1.5.2:2026-10-10T01:42:57.071590+00:00
yahoo-ticker:LQD,LQD,2017-06-01,cash_distribution,0.316,2026-10-10T01:42:57.875026+00:00,yfinance-1.5.2:2026-10-10T01:42:57.875026+00:00
yahoo-ticker:MBB,MBB,2017-06-01,cash_distribution,0.232,2026-10-10T01:42:58.253414+00:00,yfinance-1.5.2:2026-10-10T01:42:58.253414+00:00
yahoo-ticker:SHY,SHY,2017-06-01,cash_distribution,0.064,2026-10-10T01:42:59.247733+00:00,yfinance-1.5.2:2026-10-10T01:42:59.247733+00:00
yahoo-ticker:TIP,TIP,2017-06-01,cash_distribution,0.258,2026-10-10T01:43:00.393852+00:00,yfinance-1.5.2:2026-10-10T01:43:00.393852+00:00
yahoo-ticker:TLT,TLT,2017-06-01,cash_distribution,0.263,2026-10-10T01:43:00.768241+00:00,yfinance-1.5.2:2026-10-10T01:43:00.768241+00:00
yahoo-ticker:QQQ,QQQ,2017-06-16,cash_distribution,0.378,2026-10-10T01:42:58.808927+00:00,yfinance-1.5.2:2026-10-10T01:42:58.808927+00:00
yahoo-ticker:SPY,SPY,2017-06-16,cash_distribution,1.183,2026-10-10T01:42:59.974995+00:00,yfinance-1.5.2:2026-10-10T01:42:59.974995+00:00
yahoo-ticker:XLB,XLB,2017-06-16,cash_distribution,0.126,2026-10-10T01:43:03.569166+00:00,yfinance-1.5.2:2026-10-10T01:43:03.569166+00:00
yahoo-ticker:XLE,XLE,2017-06-16,cash_distribution,0.2245,2026-10-10T01:43:04.018451+00:00,yfinance-1.5.2:2026-10-10T01:43:04.018451+00:00
yahoo-ticker:XLF,XLF,2017-06-16,cash_distribution,0.093,2026-10-10T01:43:04.466526+00:00,yfinance-1.5.2:2026-10-10T01:43:04.466526+00:00
yahoo-ticker:XLI,XLI,2017-06-16,cash_distribution,0.324,2026-10-10T01:43:04.894763+00:00,yfinance-1.5.2:2026-10-10T01:43:04.894763+00:00
yahoo-ticker:XLK,XLK,2017-06-16,cash_distribution,0.1115,2026-10-10T01:43:05.330588+00:00,yfinance-1.5.2:2026-10-10T01:43:05.330588+00:00
yahoo-ticker:XLP,XLP,2017-06-16,cash_distribution,0.436,2026-10-10T01:43:05.749242+00:00,yfinance-1.5.2:2026-10-10T01:43:05.749242+00:00
yahoo-ticker:XLU,XLU,2017-06-16,cash_distribution,0.2185,2026-10-10T01:43:06.185048+00:00,yfinance-1.5.2:2026-10-10T01:43:06.185048+00:00
yahoo-ticker:XLV,XLV,2017-06-16,cash_distribution,0.308,2026-10-10T01:43:06.570262+00:00,yfinance-1.5.2:2026-10-10T01:43:06.570262+00:00
yahoo-ticker:XLY,XLY,2017-06-16,cash_distribution,0.1375,2026-10-10T01:43:07.010195+00:00,yfinance-1.5.2:2026-10-10T01:43:07.010195+00:00
yahoo-ticker:EEM,EEM,2017-06-20,cash_distribution,0.192,2026-10-10T01:42:55.050042+00:00,yfinance-1.5.2:2026-10-10T01:42:55.050042+00:00
yahoo-ticker:EFA,EFA,2017-06-20,cash_distribution,1.062,2026-10-10T01:42:55.419695+00:00,yfinance-1.5.2:2026-10-10T01:42:55.419695+00:00
yahoo-ticker:EWJ,EWJ,2017-06-20,cash_distribution,0.348,2026-10-10T01:42:55.842554+00:00,yfinance-1.5.2:2026-10-10T01:42:55.842554+00:00
yahoo-ticker:VEA,VEA,2017-06-21,cash_distribution,0.482,2026-10-10T01:43:01.730564+00:00,yfinance-1.5.2:2026-10-10T01:43:01.730564+00:00
yahoo-ticker:VWO,VWO,2017-06-21,cash_distribution,0.253,2026-10-10T01:43:03.149780+00:00,yfinance-1.5.2:2026-10-10T01:43:03.149780+00:00
yahoo-ticker:VNQ,VNQ,2017-06-23,cash_distribution,0.801,2026-10-10T01:43:02.060468+00:00,yfinance-1.5.2:2026-10-10T01:43:02.060468+00:00
yahoo-ticker:VTV,VTV,2017-06-23,cash_distribution,0.557,2026-10-10T01:43:02.424133+00:00,yfinance-1.5.2:2026-10-10T01:43:02.424133+00:00
yahoo-ticker:VUG,VUG,2017-06-23,cash_distribution,0.056833,2026-10-10T01:43:02.762619+00:00,yfinance-1.5.2:2026-10-10T01:43:02.762619+00:00
yahoo-ticker:BIL,BIL,2017-07-03,cash_distribution,0.05,2026-10-10T01:42:54.346149+00:00,yfinance-1.5.2:2026-10-10T01:42:54.346149+00:00
yahoo-ticker:HYG,HYG,2017-07-03,cash_distribution,0.377,2026-10-10T01:42:56.450321+00:00,yfinance-1.5.2:2026-10-10T01:42:56.450321+00:00
yahoo-ticker:IEF,IEF,2017-07-03,cash_distribution,0.159,2026-10-10T01:42:57.071590+00:00,yfinance-1.5.2:2026-10-10T01:42:57.071590+00:00
yahoo-ticker:LQD,LQD,2017-07-03,cash_distribution,0.32,2026-10-10T01:42:57.875026+00:00,yfinance-1.5.2:2026-10-10T01:42:57.875026+00:00
yahoo-ticker:MBB,MBB,2017-07-03,cash_distribution,0.209,2026-10-10T01:42:58.253414+00:00,yfinance-1.5.2:2026-10-10T01:42:58.253414+00:00
yahoo-ticker:SHY,SHY,2017-07-03,cash_distribution,0.067,2026-10-10T01:42:59.247733+00:00,yfinance-1.5.2:2026-10-10T01:42:59.247733+00:00
yahoo-ticker:TIP,TIP,2017-07-03,cash_distribution,0.292,2026-10-10T01:43:00.393852+00:00,yfinance-1.5.2:2026-10-10T01:43:00.393852+00:00
yahoo-ticker:TLT,TLT,2017-07-03,cash_distribution,0.258,2026-10-10T01:43:00.768241+00:00,yfinance-1.5.2:2026-10-10T01:43:00.768241+00:00
yahoo-ticker:IWM,IWM,2017-07-06,cash_distribution,0.609,2026-10-10T01:42:57.484124+00:00,yfinance-1.5.2:2026-10-10T01:42:57.484124+00:00
yahoo-ticker:BIL,BIL,2017-08-01,cash_distribution,0.064,2026-10-10T01:42:54.346149+00:00,yfinance-1.5.2:2026-10-10T01:42:54.346149+00:00
yahoo-ticker:HYG,HYG,2017-08-01,cash_distribution,0.368,2026-10-10T01:42:56.450321+00:00,yfinance-1.5.2:2026-10-10T01:42:56.450321+00:00
yahoo-ticker:IEF,IEF,2017-08-01,cash_distribution,0.165,2026-10-10T01:42:57.071590+00:00,yfinance-1.5.2:2026-10-10T01:42:57.071590+00:00
yahoo-ticker:LQD,LQD,2017-08-01,cash_distribution,0.318,2026-10-10T01:42:57.875026+00:00,yfinance-1.5.2:2026-10-10T01:42:57.875026+00:00
yahoo-ticker:MBB,MBB,2017-08-01,cash_distribution,0.211,2026-10-10T01:42:58.253414+00:00,yfinance-1.5.2:2026-10-10T01:42:58.253414+00:00
yahoo-ticker:SHY,SHY,2017-08-01,cash_distribution,0.071,2026-10-10T01:42:59.247733+00:00,yfinance-1.5.2:2026-10-10T01:42:59.247733+00:00
yahoo-ticker:TIP,TIP,2017-08-01,cash_distribution,0.217,2026-10-10T01:43:00.393852+00:00,yfinance-1.5.2:2026-10-10T01:43:00.393852+00:00
yahoo-ticker:TLT,TLT,2017-08-01,cash_distribution,0.269,2026-10-10T01:43:00.768241+00:00,yfinance-1.5.2:2026-10-10T01:43:00.768241+00:00
yahoo-ticker:BIL,BIL,2017-09-01,cash_distribution,0.066,2026-10-10T01:42:54.346149+00:00,yfinance-1.5.2:2026-10-10T01:42:54.346149+00:00
yahoo-ticker:HYG,HYG,2017-09-01,cash_distribution,0.37,2026-10-10T01:42:56.450321+00:00,yfinance-1.5.2:2026-10-10T01:42:56.450321+00:00
yahoo-ticker:IEF,IEF,2017-09-01,cash_distribution,0.162,2026-10-10T01:42:57.071590+00:00,yfinance-1.5.2:2026-10-10T01:42:57.071590+00:00
yahoo-ticker:LQD,LQD,2017-09-01,cash_distribution,0.32,2026-10-10T01:42:57.875026+00:00,yfinance-1.5.2:2026-10-10T01:42:57.875026+00:00
yahoo-ticker:MBB,MBB,2017-09-01,cash_distribution,0.207,2026-10-10T01:42:58.253414+00:00,yfinance-1.5.2:2026-10-10T01:42:58.253414+00:00
yahoo-ticker:SHY,SHY,2017-09-01,cash_distribution,0.072,2026-10-10T01:42:59.247733+00:00,yfinance-1.5.2:2026-10-10T01:42:59.247733+00:00
yahoo-ticker:TIP,TIP,2017-09-01,cash_distribution,0.237,2026-10-10T01:43:00.393852+00:00,yfinance-1.5.2:2026-10-10T01:43:00.393852+00:00
yahoo-ticker:TLT,TLT,2017-09-01,cash_distribution,0.263,2026-10-10T01:43:00.768241+00:00,yfinance-1.5.2:2026-10-10T01:43:00.768241+00:00
yahoo-ticker:SPY,SPY,2017-09-15,cash_distribution,1.235,2026-10-10T01:42:59.974995+00:00,yfinance-1.5.2:2026-10-10T01:42:59.974995+00:00
yahoo-ticker:XLB,XLB,2017-09-15,cash_distribution,0.151,2026-10-10T01:43:03.569166+00:00,yfinance-1.5.2:2026-10-10T01:43:03.569166+00:00
yahoo-ticker:XLE,XLE,2017-09-15,cash_distribution,0.4325,2026-10-10T01:43:04.018451+00:00,yfinance-1.5.2:2026-10-10T01:43:04.018451+00:00
yahoo-ticker:XLF,XLF,2017-09-15,cash_distribution,0.103,2026-10-10T01:43:04.466526+00:00,yfinance-1.5.2:2026-10-10T01:43:04.466526+00:00
yahoo-ticker:XLI,XLI,2017-09-15,cash_distribution,0.316,2026-10-10T01:43:04.894763+00:00,yfinance-1.5.2:2026-10-10T01:43:04.894763+00:00
yahoo-ticker:XLK,XLK,2017-09-15,cash_distribution,0.1045,2026-10-10T01:43:05.330588+00:00,yfinance-1.5.2:2026-10-10T01:43:05.330588+00:00
yahoo-ticker:XLP,XLP,2017-09-15,cash_distribution,0.346,2026-10-10T01:43:05.749242+00:00,yfinance-1.5.2:2026-10-10T01:43:05.749242+00:00
yahoo-ticker:XLU,XLU,2017-09-15,cash_distribution,0.2085,2026-10-10T01:43:06.185048+00:00,yfinance-1.5.2:2026-10-10T01:43:06.185048+00:00
yahoo-ticker:XLV,XLV,2017-09-15,cash_distribution,0.305,2026-10-10T01:43:06.570262+00:00,yfinance-1.5.2:2026-10-10T01:43:06.570262+00:00
yahoo-ticker:XLY,XLY,2017-09-15,cash_distribution,0.159,2026-10-10T01:43:07.010195+00:00,yfinance-1.5.2:2026-10-10T01:43:07.010195+00:00
yahoo-ticker:QQQ,QQQ,2017-09-18,cash_distribution,0.319,2026-10-10T01:42:58.808927+00:00,yfinance-1.5.2:2026-10-10T01:42:58.808927+00:00
yahoo-ticker:VEA,VEA,2017-09-20,cash_distribution,0.179,2026-10-10T01:43:01.730564+00:00,yfinance-1.5.2:2026-10-10T01:43:01.730564+00:00
yahoo-ticker:VWO,VWO,2017-09-20,cash_distribution,0.522,2026-10-10T01:43:03.149780+00:00,yfinance-1.5.2:2026-10-10T01:43:03.149780+00:00
yahoo-ticker:VNQ,VNQ,2017-09-22,cash_distribution,0.854,2026-10-10T01:43:02.060468+00:00,yfinance-1.5.2:2026-10-10T01:43:02.060468+00:00
yahoo-ticker:VTV,VTV,2017-09-22,cash_distribution,0.675,2026-10-10T01:43:02.424133+00:00,yfinance-1.5.2:2026-10-10T01:43:02.424133+00:00
yahoo-ticker:VUG,VUG,2017-09-22,cash_distribution,0.0685,2026-10-10T01:43:02.762619+00:00,yfinance-1.5.2:2026-10-10T01:43:02.762619+00:00
yahoo-ticker:IWM,IWM,2017-09-26,cash_distribution,0.349,2026-10-10T01:42:57.484124+00:00,yfinance-1.5.2:2026-10-10T01:42:57.484124+00:00
yahoo-ticker:BIL,BIL,2017-10-02,cash_distribution,0.064,2026-10-10T01:42:54.346149+00:00,yfinance-1.5.2:2026-10-10T01:42:54.346149+00:00
yahoo-ticker:HYG,HYG,2017-10-02,cash_distribution,0.365,2026-10-10T01:42:56.450321+00:00,yfinance-1.5.2:2026-10-10T01:42:56.450321+00:00
yahoo-ticker:IEF,IEF,2017-10-02,cash_distribution,0.159,2026-10-10T01:42:57.071590+00:00,yfinance-1.5.2:2026-10-10T01:42:57.071590+00:00
yahoo-ticker:LQD,LQD,2017-10-02,cash_distribution,0.323,2026-10-10T01:42:57.875026+00:00,yfinance-1.5.2:2026-10-10T01:42:57.875026+00:00
yahoo-ticker:MBB,MBB,2017-10-02,cash_distribution,0.205,2026-10-10T01:42:58.253414+00:00,yfinance-1.5.2:2026-10-10T01:42:58.253414+00:00
yahoo-ticker:SHY,SHY,2017-10-02,cash_distribution,0.073,2026-10-10T01:42:59.247733+00:00,yfinance-1.5.2:2026-10-10T01:42:59.247733+00:00
yahoo-ticker:TIP,TIP,2017-10-02,cash_distribution,0.048,2026-10-10T01:43:00.393852+00:00,yfinance-1.5.2:2026-10-10T01:43:00.393852+00:00
yahoo-ticker:TLT,TLT,2017-10-02,cash_distribution,0.252,2026-10-10T01:43:00.768241+00:00,yfinance-1.5.2:2026-10-10T01:43:00.768241+00:00
yahoo-ticker:BIL,BIL,2017-11-01,cash_distribution,0.07,2026-10-10T01:42:54.346149+00:00,yfinance-1.5.2:2026-10-10T01:42:54.346149+00:00
yahoo-ticker:HYG,HYG,2017-11-01,cash_distribution,0.366,2026-10-10T01:42:56.450321+00:00,yfinance-1.5.2:2026-10-10T01:42:56.450321+00:00
yahoo-ticker:IEF,IEF,2017-11-01,cash_distribution,0.164,2026-10-10T01:42:57.071590+00:00,yfinance-1.5.2:2026-10-10T01:42:57.071590+00:00
yahoo-ticker:LQD,LQD,2017-11-01,cash_distribution,0.321,2026-10-10T01:42:57.875026+00:00,yfinance-1.5.2:2026-10-10T01:42:57.875026+00:00
yahoo-ticker:MBB,MBB,2017-11-01,cash_distribution,0.214,2026-10-10T01:42:58.253414+00:00,yfinance-1.5.2:2026-10-10T01:42:58.253414+00:00
yahoo-ticker:SHY,SHY,2017-11-01,cash_distribution,0.078,2026-10-10T01:42:59.247733+00:00,yfinance-1.5.2:2026-10-10T01:42:59.247733+00:00
yahoo-ticker:TIP,TIP,2017-11-01,cash_distribution,0.218,2026-10-10T01:43:00.393852+00:00,yfinance-1.5.2:2026-10-10T01:43:00.393852+00:00
yahoo-ticker:TLT,TLT,2017-11-01,cash_distribution,0.263,2026-10-10T01:43:00.768241+00:00,yfinance-1.5.2:2026-10-10T01:43:00.768241+00:00
yahoo-ticker:BIL,BIL,2017-11-30,stock_split,0.5,2026-10-10T01:42:54.346149+00:00,yfinance-1.5.2:2026-10-10T01:42:54.346149+00:00
yahoo-ticker:BIL,BIL,2017-12-01,cash_distribution,0.066,2026-10-10T01:42:54.346149+00:00,yfinance-1.5.2:2026-10-10T01:42:54.346149+00:00
yahoo-ticker:HYG,HYG,2017-12-01,cash_distribution,0.372,2026-10-10T01:42:56.450321+00:00,yfinance-1.5.2:2026-10-10T01:42:56.450321+00:00
yahoo-ticker:IEF,IEF,2017-12-01,cash_distribution,0.16,2026-10-10T01:42:57.071590+00:00,yfinance-1.5.2:2026-10-10T01:42:57.071590+00:00
yahoo-ticker:LQD,LQD,2017-12-01,cash_distribution,0.322,2026-10-10T01:42:57.875026+00:00,yfinance-1.5.2:2026-10-10T01:42:57.875026+00:00
yahoo-ticker:MBB,MBB,2017-12-01,cash_distribution,0.234,2026-10-10T01:42:58.253414+00:00,yfinance-1.5.2:2026-10-10T01:42:58.253414+00:00
yahoo-ticker:SHY,SHY,2017-12-01,cash_distribution,0.079,2026-10-10T01:42:59.247733+00:00,yfinance-1.5.2:2026-10-10T01:42:59.247733+00:00
yahoo-ticker:TIP,TIP,2017-12-01,cash_distribution,0.501,2026-10-10T01:43:00.393852+00:00,yfinance-1.5.2:2026-10-10T01:43:00.393852+00:00
yahoo-ticker:TLT,TLT,2017-12-01,cash_distribution,0.255,2026-10-10T01:43:00.768241+00:00,yfinance-1.5.2:2026-10-10T01:43:00.768241+00:00
yahoo-ticker:SPY,SPY,2017-12-15,cash_distribution,1.351,2026-10-10T01:42:59.974995+00:00,yfinance-1.5.2:2026-10-10T01:42:59.974995+00:00
yahoo-ticker:XLB,XLB,2017-12-15,cash_distribution,0.144,2026-10-10T01:43:03.569166+00:00,yfinance-1.5.2:2026-10-10T01:43:03.569166+00:00
yahoo-ticker:XLE,XLE,2017-12-15,cash_distribution,0.229,2026-10-10T01:43:04.018451+00:00,yfinance-1.5.2:2026-10-10T01:43:04.018451+00:00
yahoo-ticker:XLF,XLF,2017-12-15,cash_distribution,0.128,2026-10-10T01:43:04.466526+00:00,yfinance-1.5.2:2026-10-10T01:43:04.466526+00:00
yahoo-ticker:XLI,XLI,2017-12-15,cash_distribution,0.402,2026-10-10T01:43:04.894763+00:00,yfinance-1.5.2:2026-10-10T01:43:04.894763+00:00
yahoo-ticker:XLK,XLK,2017-12-15,cash_distribution,0.119,2026-10-10T01:43:05.330588+00:00,yfinance-1.5.2:2026-10-10T01:43:05.330588+00:00
yahoo-ticker:XLP,XLP,2017-12-15,cash_distribution,0.418,2026-10-10T01:43:05.749242+00:00,yfinance-1.5.2:2026-10-10T01:43:05.749242+00:00
yahoo-ticker:XLU,XLU,2017-12-15,cash_distribution,0.2555,2026-10-10T01:43:06.185048+00:00,yfinance-1.5.2:2026-10-10T01:43:06.185048+00:00
yahoo-ticker:XLV,XLV,2017-12-15,cash_distribution,0.331,2026-10-10T01:43:06.570262+00:00,yfinance-1.5.2:2026-10-10T01:43:06.570262+00:00
yahoo-ticker:XLY,XLY,2017-12-15,cash_distribution,0.166,2026-10-10T01:43:07.010195+00:00,yfinance-1.5.2:2026-10-10T01:43:07.010195+00:00
yahoo-ticker:PDBC,PDBC,2017-12-18,cash_distribution,0.669,2026-10-10T01:42:58.484360+00:00,yfinance-1.5.2:2026-10-10T01:42:58.484360+00:00
yahoo-ticker:QQQ,QQQ,2017-12-18,cash_distribution,0.329,2026-10-10T01:42:58.808927+00:00,yfinance-1.5.2:2026-10-10T01:42:58.808927+00:00
yahoo-ticker:UUP,UUP,2017-12-18,cash_distribution,0.023,2026-10-10T01:43:01.392906+00:00,yfinance-1.5.2:2026-10-10T01:43:01.392906+00:00
yahoo-ticker:BIL,BIL,2017-12-19,cash_distribution,0.082,2026-10-10T01:42:54.346149+00:00,yfinance-1.5.2:2026-10-10T01:42:54.346149+00:00
yahoo-ticker:EEM,EEM,2017-12-19,cash_distribution,0.697,2026-10-10T01:42:55.050042+00:00,yfinance-1.5.2:2026-10-10T01:42:55.050042+00:00
yahoo-ticker:EFA,EFA,2017-12-19,cash_distribution,0.743,2026-10-10T01:42:55.419695+00:00,yfinance-1.5.2:2026-10-10T01:42:55.419695+00:00
yahoo-ticker:EWJ,EWJ,2017-12-19,cash_distribution,0.399,2026-10-10T01:42:55.842554+00:00,yfinance-1.5.2:2026-10-10T01:42:55.842554+00:00
yahoo-ticker:HYG,HYG,2017-12-21,cash_distribution,0.361,2026-10-10T01:42:56.450321+00:00,yfinance-1.5.2:2026-10-10T01:42:56.450321+00:00
yahoo-ticker:IEF,IEF,2017-12-21,cash_distribution,0.164,2026-10-10T01:42:57.071590+00:00,yfinance-1.5.2:2026-10-10T01:42:57.071590+00:00
yahoo-ticker:IWM,IWM,2017-12-21,cash_distribution,0.579,2026-10-10T01:42:57.484124+00:00,yfinance-1.5.2:2026-10-10T01:42:57.484124+00:00
yahoo-ticker:LQD,LQD,2017-12-21,cash_distribution,0.254,2026-10-10T01:42:57.875026+00:00,yfinance-1.5.2:2026-10-10T01:42:57.875026+00:00
yahoo-ticker:SHY,SHY,2017-12-21,cash_distribution,0.094,2026-10-10T01:42:59.247733+00:00,yfinance-1.5.2:2026-10-10T01:42:59.247733+00:00
yahoo-ticker:TIP,TIP,2017-12-21,cash_distribution,0.156,2026-10-10T01:43:00.393852+00:00,yfinance-1.5.2:2026-10-10T01:43:00.393852+00:00
yahoo-ticker:TLT,TLT,2017-12-21,cash_distribution,0.262,2026-10-10T01:43:00.768241+00:00,yfinance-1.5.2:2026-10-10T01:43:00.768241+00:00
yahoo-ticker:VEA,VEA,2017-12-21,cash_distribution,0.432,2026-10-10T01:43:01.730564+00:00,yfinance-1.5.2:2026-10-10T01:43:01.730564+00:00
yahoo-ticker:VNQ,VNQ,2017-12-21,cash_distribution,1.264,2026-10-10T01:43:02.060468+00:00,yfinance-1.5.2:2026-10-10T01:43:02.060468+00:00
yahoo-ticker:VTV,VTV,2017-12-21,cash_distribution,0.647,2026-10-10T01:43:02.424133+00:00,yfinance-1.5.2:2026-10-10T01:43:02.424133+00:00
yahoo-ticker:VUG,VUG,2017-12-21,cash_distribution,0.079167,2026-10-10T01:43:02.762619+00:00,yfinance-1.5.2:2026-10-10T01:43:02.762619+00:00
yahoo-ticker:VWO,VWO,2017-12-21,cash_distribution,0.212,2026-10-10T01:43:03.149780+00:00,yfinance-1.5.2:2026-10-10T01:43:03.149780+00:00
yahoo-ticker:BIL,BIL,2018-02-01,cash_distribution,0.086,2026-10-10T01:42:54.346149+00:00,yfinance-1.5.2:2026-10-10T01:42:54.346149+00:00
yahoo-ticker:HYG,HYG,2018-02-01,cash_distribution,0.366,2026-10-10T01:42:56.450321+00:00,yfinance-1.5.2:2026-10-10T01:42:56.450321+00:00
yahoo-ticker:IEF,IEF,2018-02-01,cash_distribution,0.168,2026-10-10T01:42:57.071590+00:00,yfinance-1.5.2:2026-10-10T01:42:57.071590+00:00
yahoo-ticker:LQD,LQD,2018-02-01,cash_distribution,0.321,2026-10-10T01:42:57.875026+00:00,yfinance-1.5.2:2026-10-10T01:42:57.875026+00:00
yahoo-ticker:MBB,MBB,2018-02-01,cash_distribution,0.246,2026-10-10T01:42:58.253414+00:00,yfinance-1.5.2:2026-10-10T01:42:58.253414+00:00
yahoo-ticker:SHY,SHY,2018-02-01,cash_distribution,0.086,2026-10-10T01:42:59.247733+00:00,yfinance-1.5.2:2026-10-10T01:42:59.247733+00:00
yahoo-ticker:TIP,TIP,2018-02-01,cash_distribution,0.021,2026-10-10T01:43:00.393852+00:00,yfinance-1.5.2:2026-10-10T01:43:00.393852+00:00
yahoo-ticker:TLT,TLT,2018-02-01,cash_distribution,0.255,2026-10-10T01:43:00.768241+00:00,yfinance-1.5.2:2026-10-10T01:43:00.768241+00:00
yahoo-ticker:BIL,BIL,2018-03-01,cash_distribution,0.079,2026-10-10T01:42:54.346149+00:00,yfinance-1.5.2:2026-10-10T01:42:54.346149+00:00
yahoo-ticker:HYG,HYG,2018-03-01,cash_distribution,0.341,2026-10-10T01:42:56.450321+00:00,yfinance-1.5.2:2026-10-10T01:42:56.450321+00:00
yahoo-ticker:IEF,IEF,2018-03-01,cash_distribution,0.159,2026-10-10T01:42:57.071590+00:00,yfinance-1.5.2:2026-10-10T01:42:57.071590+00:00
yahoo-ticker:LQD,LQD,2018-03-01,cash_distribution,0.33,2026-10-10T01:42:57.875026+00:00,yfinance-1.5.2:2026-10-10T01:42:57.875026+00:00
yahoo-ticker:MBB,MBB,2018-03-01,cash_distribution,0.25,2026-10-10T01:42:58.253414+00:00,yfinance-1.5.2:2026-10-10T01:42:58.253414+00:00
yahoo-ticker:SHY,SHY,2018-03-01,cash_distribution,0.086,2026-10-10T01:42:59.247733+00:00,yfinance-1.5.2:2026-10-10T01:42:59.247733+00:00
yahoo-ticker:TLT,TLT,2018-03-01,cash_distribution,0.239,2026-10-10T01:43:00.768241+00:00,yfinance-1.5.2:2026-10-10T01:43:00.768241+00:00
yahoo-ticker:SPY,SPY,2018-03-16,cash_distribution,1.097,2026-10-10T01:42:59.974995+00:00,yfinance-1.5.2:2026-10-10T01:42:59.974995+00:00
yahoo-ticker:XLB,XLB,2018-03-16,cash_distribution,0.113,2026-10-10T01:43:03.569166+00:00,yfinance-1.5.2:2026-10-10T01:43:03.569166+00:00
yahoo-ticker:XLE,XLE,2018-03-16,cash_distribution,0.2375,2026-10-10T01:43:04.018451+00:00,yfinance-1.5.2:2026-10-10T01:43:04.018451+00:00
yahoo-ticker:XLF,XLF,2018-03-16,cash_distribution,0.105,2026-10-10T01:43:04.466526+00:00,yfinance-1.5.2:2026-10-10T01:43:04.466526+00:00
yahoo-ticker:XLI,XLI,2018-03-16,cash_distribution,0.307,2026-10-10T01:43:04.894763+00:00,yfinance-1.5.2:2026-10-10T01:43:04.894763+00:00
yahoo-ticker:XLK,XLK,2018-03-16,cash_distribution,0.109,2026-10-10T01:43:05.330588+00:00,yfinance-1.5.2:2026-10-10T01:43:05.330588+00:00
yahoo-ticker:XLP,XLP,2018-03-16,cash_distribution,0.299,2026-10-10T01:43:05.749242+00:00,yfinance-1.5.2:2026-10-10T01:43:05.749242+00:00
yahoo-ticker:XLU,XLU,2018-03-16,cash_distribution,0.1935,2026-10-10T01:43:06.185048+00:00,yfinance-1.5.2:2026-10-10T01:43:06.185048+00:00
yahoo-ticker:XLV,XLV,2018-03-16,cash_distribution,0.3,2026-10-10T01:43:06.570262+00:00,yfinance-1.5.2:2026-10-10T01:43:06.570262+00:00
yahoo-ticker:XLY,XLY,2018-03-16,cash_distribution,0.155,2026-10-10T01:43:07.010195+00:00,yfinance-1.5.2:2026-10-10T01:43:07.010195+00:00
yahoo-ticker:QQQ,QQQ,2018-03-19,cash_distribution,0.277,2026-10-10T01:42:58.808927+00:00,yfinance-1.5.2:2026-10-10T01:42:58.808927+00:00
yahoo-ticker:IWM,IWM,2018-03-22,cash_distribution,0.362,2026-10-10T01:42:57.484124+00:00,yfinance-1.5.2:2026-10-10T01:42:57.484124+00:00
yahoo-ticker:VTV,VTV,2018-03-22,cash_distribution,0.603,2026-10-10T01:43:02.424133+00:00,yfinance-1.5.2:2026-10-10T01:43:02.424133+00:00
yahoo-ticker:VUG,VUG,2018-03-22,cash_distribution,0.059833,2026-10-10T01:43:02.762619+00:00,yfinance-1.5.2:2026-10-10T01:43:02.762619+00:00
yahoo-ticker:VEA,VEA,2018-03-26,cash_distribution,0.162,2026-10-10T01:43:01.730564+00:00,yfinance-1.5.2:2026-10-10T01:43:01.730564+00:00
yahoo-ticker:VNQ,VNQ,2018-03-26,cash_distribution,0.706,2026-10-10T01:43:02.060468+00:00,yfinance-1.5.2:2026-10-10T01:43:02.060468+00:00
yahoo-ticker:VWO,VWO,2018-03-26,cash_distribution,0.089,2026-10-10T01:43:03.149780+00:00,yfinance-1.5.2:2026-10-10T01:43:03.149780+00:00
yahoo-ticker:BIL,BIL,2018-04-02,cash_distribution,0.105,2026-10-10T01:42:54.346149+00:00,yfinance-1.5.2:2026-10-10T01:42:54.346149+00:00
yahoo-ticker:HYG,HYG,2018-04-02,cash_distribution,0.349,2026-10-10T01:42:56.450321+00:00,yfinance-1.5.2:2026-10-10T01:42:56.450321+00:00
yahoo-ticker:IEF,IEF,2018-04-02,cash_distribution,0.175,2026-10-10T01:42:57.071590+00:00,yfinance-1.5.2:2026-10-10T01:42:57.071590+00:00
yahoo-ticker:LQD,LQD,2018-04-02,cash_distribution,0.337,2026-10-10T01:42:57.875026+00:00,yfinance-1.5.2:2026-10-10T01:42:57.875026+00:00
yahoo-ticker:MBB,MBB,2018-04-02,cash_distribution,0.254,2026-10-10T01:42:58.253414+00:00,yfinance-1.5.2:2026-10-10T01:42:58.253414+00:00
yahoo-ticker:SHY,SHY,2018-04-02,cash_distribution,0.094,2026-10-10T01:42:59.247733+00:00,yfinance-1.5.2:2026-10-10T01:42:59.247733+00:00
yahoo-ticker:TIP,TIP,2018-04-02,cash_distribution,0.292,2026-10-10T01:43:00.393852+00:00,yfinance-1.5.2:2026-10-10T01:43:00.393852+00:00
yahoo-ticker:TLT,TLT,2018-04-02,cash_distribution,0.26,2026-10-10T01:43:00.768241+00:00,yfinance-1.5.2:2026-10-10T01:43:00.768241+00:00
yahoo-ticker:BIL,BIL,2018-05-01,cash_distribution,0.107,2026-10-10T01:42:54.346149+00:00,yfinance-1.5.2:2026-10-10T01:42:54.346149+00:00
yahoo-ticker:HYG,HYG,2018-05-01,cash_distribution,0.363,2026-10-10T01:42:56.450321+00:00,yfinance-1.5.2:2026-10-10T01:42:56.450321+00:00
yahoo-ticker:IEF,IEF,2018-05-01,cash_distribution,0.191,2026-10-10T01:42:57.071590+00:00,yfinance-1.5.2:2026-10-10T01:42:57.071590+00:00
yahoo-ticker:LQD,LQD,2018-05-01,cash_distribution,0.329,2026-10-10T01:42:57.875026+00:00,yfinance-1.5.2:2026-10-10T01:42:57.875026+00:00
yahoo-ticker:MBB,MBB,2018-05-01,cash_distribution,0.253,2026-10-10T01:42:58.253414+00:00,yfinance-1.5.2:2026-10-10T01:42:58.253414+00:00
yahoo-ticker:SHY,SHY,2018-05-01,cash_distribution,0.103,2026-10-10T01:42:59.247733+00:00,yfinance-1.5.2:2026-10-10T01:42:59.247733+00:00
yahoo-ticker:TIP,TIP,2018-05-01,cash_distribution,0.499,2026-10-10T01:43:00.393852+00:00,yfinance-1.5.2:2026-10-10T01:43:00.393852+00:00
yahoo-ticker:TLT,TLT,2018-05-01,cash_distribution,0.262,2026-10-10T01:43:00.768241+00:00,yfinance-1.5.2:2026-10-10T01:43:00.768241+00:00
yahoo-ticker:BIL,BIL,2018-06-01,cash_distribution,0.126,2026-10-10T01:42:54.346149+00:00,yfinance-1.5.2:2026-10-10T01:42:54.346149+00:00
yahoo-ticker:HYG,HYG,2018-06-01,cash_distribution,0.384,2026-10-10T01:42:56.450321+00:00,yfinance-1.5.2:2026-10-10T01:42:56.450321+00:00
yahoo-ticker:IEF,IEF,2018-06-01,cash_distribution,0.202,2026-10-10T01:42:57.071590+00:00,yfinance-1.5.2:2026-10-10T01:42:57.071590+00:00
yahoo-ticker:LQD,LQD,2018-06-01,cash_distribution,0.359,2026-10-10T01:42:57.875026+00:00,yfinance-1.5.2:2026-10-10T01:42:57.875026+00:00
yahoo-ticker:MBB,MBB,2018-06-01,cash_distribution,0.248,2026-10-10T01:42:58.253414+00:00,yfinance-1.5.2:2026-10-10T01:42:58.253414+00:00
yahoo-ticker:SHY,SHY,2018-06-01,cash_distribution,0.126,2026-10-10T01:42:59.247733+00:00,yfinance-1.5.2:2026-10-10T01:42:59.247733+00:00
yahoo-ticker:TIP,TIP,2018-06-01,cash_distribution,0.336,2026-10-10T01:43:00.393852+00:00,yfinance-1.5.2:2026-10-10T01:43:00.393852+00:00
yahoo-ticker:TLT,TLT,2018-06-01,cash_distribution,0.281,2026-10-10T01:43:00.768241+00:00,yfinance-1.5.2:2026-10-10T01:43:00.768241+00:00
yahoo-ticker:SPY,SPY,2018-06-15,cash_distribution,1.246,2026-10-10T01:42:59.974995+00:00,yfinance-1.5.2:2026-10-10T01:42:59.974995+00:00
yahoo-ticker:XLB,XLB,2018-06-15,cash_distribution,0.14,2026-10-10T01:43:03.569166+00:00,yfinance-1.5.2:2026-10-10T01:43:03.569166+00:00
yahoo-ticker:XLE,XLE,2018-06-15,cash_distribution,0.256,2026-10-10T01:43:04.018451+00:00,yfinance-1.5.2:2026-10-10T01:43:04.018451+00:00
yahoo-ticker:XLF,XLF,2018-06-15,cash_distribution,0.119,2026-10-10T01:43:04.466526+00:00,yfinance-1.5.2:2026-10-10T01:43:04.466526+00:00
yahoo-ticker:XLI,XLI,2018-06-15,cash_distribution,0.302,2026-10-10T01:43:04.894763+00:00,yfinance-1.5.2:2026-10-10T01:43:04.894763+00:00
yahoo-ticker:XLK,XLK,2018-06-15,cash_distribution,0.1275,2026-10-10T01:43:05.330588+00:00,yfinance-1.5.2:2026-10-10T01:43:05.330588+00:00
yahoo-ticker:XLP,XLP,2018-06-15,cash_distribution,0.394,2026-10-10T01:43:05.749242+00:00,yfinance-1.5.2:2026-10-10T01:43:05.749242+00:00
yahoo-ticker:XLU,XLU,2018-06-15,cash_distribution,0.22,2026-10-10T01:43:06.185048+00:00,yfinance-1.5.2:2026-10-10T01:43:06.185048+00:00
yahoo-ticker:XLV,XLV,2018-06-15,cash_distribution,0.316,2026-10-10T01:43:06.570262+00:00,yfinance-1.5.2:2026-10-10T01:43:06.570262+00:00
yahoo-ticker:XLY,XLY,2018-06-15,cash_distribution,0.147,2026-10-10T01:43:07.010195+00:00,yfinance-1.5.2:2026-10-10T01:43:07.010195+00:00
yahoo-ticker:QQQ,QQQ,2018-06-18,cash_distribution,0.378,2026-10-10T01:42:58.808927+00:00,yfinance-1.5.2:2026-10-10T01:42:58.808927+00:00
yahoo-ticker:VNQ,VNQ,2018-06-18,cash_distribution,0.732,2026-10-10T01:43:02.060468+00:00,yfinance-1.5.2:2026-10-10T01:43:02.060468+00:00
yahoo-ticker:EEM,EEM,2018-06-19,cash_distribution,0.29,2026-10-10T01:42:55.050042+00:00,yfinance-1.5.2:2026-10-10T01:42:55.050042+00:00
yahoo-ticker:EFA,EFA,2018-06-19,cash_distribution,1.354,2026-10-10T01:42:55.419695+00:00,yfinance-1.5.2:2026-10-10T01:42:55.419695+00:00
yahoo-ticker:EWJ,EWJ,2018-06-19,cash_distribution,0.46,2026-10-10T01:42:55.842554+00:00,yfinance-1.5.2:2026-10-10T01:42:55.842554+00:00
yahoo-ticker:VEA,VEA,2018-06-22,cash_distribution,0.54,2026-10-10T01:43:01.730564+00:00,yfinance-1.5.2:2026-10-10T01:43:01.730564+00:00
yahoo-ticker:VTV,VTV,2018-06-22,cash_distribution,0.628,2026-10-10T01:43:02.424133+00:00,yfinance-1.5.2:2026-10-10T01:43:02.424133+00:00
yahoo-ticker:VUG,VUG,2018-06-22,cash_distribution,0.069833,2026-10-10T01:43:02.762619+00:00,yfinance-1.5.2:2026-10-10T01:43:02.762619+00:00
yahoo-ticker:VWO,VWO,2018-06-22,cash_distribution,0.275,2026-10-10T01:43:03.149780+00:00,yfinance-1.5.2:2026-10-10T01:43:03.149780+00:00
yahoo-ticker:BIL,BIL,2018-07-02,cash_distribution,0.127,2026-10-10T01:42:54.346149+00:00,yfinance-1.5.2:2026-10-10T01:42:54.346149+00:00
yahoo-ticker:HYG,HYG,2018-07-02,cash_distribution,0.381,2026-10-10T01:42:56.450321+00:00,yfinance-1.5.2:2026-10-10T01:42:56.450321+00:00
yahoo-ticker:IEF,IEF,2018-07-02,cash_distribution,0.19,2026-10-10T01:42:57.071590+00:00,yfinance-1.5.2:2026-10-10T01:42:57.071590+00:00
yahoo-ticker:LQD,LQD,2018-07-02,cash_distribution,0.345,2026-10-10T01:42:57.875026+00:00,yfinance-1.5.2:2026-10-10T01:42:57.875026+00:00
yahoo-ticker:MBB,MBB,2018-07-02,cash_distribution,0.232,2026-10-10T01:42:58.253414+00:00,yfinance-1.5.2:2026-10-10T01:42:58.253414+00:00
yahoo-ticker:SHY,SHY,2018-07-02,cash_distribution,0.13,2026-10-10T01:42:59.247733+00:00,yfinance-1.5.2:2026-10-10T01:42:59.247733+00:00
yahoo-ticker:TIP,TIP,2018-07-02,cash_distribution,0.431,2026-10-10T01:43:00.393852+00:00,yfinance-1.5.2:2026-10-10T01:43:00.393852+00:00
yahoo-ticker:TLT,TLT,2018-07-02,cash_distribution,0.275,2026-10-10T01:43:00.768241+00:00,yfinance-1.5.2:2026-10-10T01:43:00.768241+00:00
yahoo-ticker:IWM,IWM,2018-07-03,cash_distribution,0.595,2026-10-10T01:42:57.484124+00:00,yfinance-1.5.2:2026-10-10T01:42:57.484124+00:00
yahoo-ticker:BIL,BIL,2018-08-01,cash_distribution,0.135,2026-10-10T01:42:54.346149+00:00,yfinance-1.5.2:2026-10-10T01:42:54.346149+00:00
yahoo-ticker:HYG,HYG,2018-08-01,cash_distribution,0.367,2026-10-10T01:42:56.450321+00:00,yfinance-1.5.2:2026-10-10T01:42:56.450321+00:00
yahoo-ticker:IEF,IEF,2018-08-01,cash_distribution,0.2,2026-10-10T01:42:57.071590+00:00,yfinance-1.5.2:2026-10-10T01:42:57.071590+00:00
yahoo-ticker:LQD,LQD,2018-08-01,cash_distribution,0.343,2026-10-10T01:42:57.875026+00:00,yfinance-1.5.2:2026-10-10T01:42:57.875026+00:00
yahoo-ticker:MBB,MBB,2018-08-01,cash_distribution,0.211,2026-10-10T01:42:58.253414+00:00,yfinance-1.5.2:2026-10-10T01:42:58.253414+00:00
yahoo-ticker:SHY,SHY,2018-08-01,cash_distribution,0.138,2026-10-10T01:42:59.247733+00:00,yfinance-1.5.2:2026-10-10T01:42:59.247733+00:00
yahoo-ticker:TIP,TIP,2018-08-01,cash_distribution,0.468,2026-10-10T01:43:00.393852+00:00,yfinance-1.5.2:2026-10-10T01:43:00.393852+00:00
yahoo-ticker:TLT,TLT,2018-08-01,cash_distribution,0.267,2026-10-10T01:43:00.768241+00:00,yfinance-1.5.2:2026-10-10T01:43:00.768241+00:00
yahoo-ticker:BIL,BIL,2018-09-04,cash_distribution,0.138,2026-10-10T01:42:54.346149+00:00,yfinance-1.5.2:2026-10-10T01:42:54.346149+00:00
yahoo-ticker:HYG,HYG,2018-09-04,cash_distribution,0.371,2026-10-10T01:42:56.450321+00:00,yfinance-1.5.2:2026-10-10T01:42:56.450321+00:00
yahoo-ticker:IEF,IEF,2018-09-04,cash_distribution,0.206,2026-10-10T01:42:57.071590+00:00,yfinance-1.5.2:2026-10-10T01:42:57.071590+00:00
yahoo-ticker:LQD,LQD,2018-09-04,cash_distribution,0.348,2026-10-10T01:42:57.875026+00:00,yfinance-1.5.2:2026-10-10T01:42:57.875026+00:00
yahoo-ticker:MBB,MBB,2018-09-04,cash_distribution,0.229,2026-10-10T01:42:58.253414+00:00,yfinance-1.5.2:2026-10-10T01:42:58.253414+00:00
yahoo-ticker:SHY,SHY,2018-09-04,cash_distribution,0.131,2026-10-10T01:42:59.247733+00:00,yfinance-1.5.2:2026-10-10T01:42:59.247733+00:00
yahoo-ticker:TIP,TIP,2018-09-04,cash_distribution,0.386,2026-10-10T01:43:00.393852+00:00,yfinance-1.5.2:2026-10-10T01:43:00.393852+00:00
yahoo-ticker:TLT,TLT,2018-09-04,cash_distribution,0.272,2026-10-10T01:43:00.768241+00:00,yfinance-1.5.2:2026-10-10T01:43:00.768241+00:00
yahoo-ticker:SPY,SPY,2018-09-21,cash_distribution,1.323,2026-10-10T01:42:59.974995+00:00,yfinance-1.5.2:2026-10-10T01:42:59.974995+00:00
yahoo-ticker:XLB,XLB,2018-09-21,cash_distribution,0.1445,2026-10-10T01:43:03.569166+00:00,yfinance-1.5.2:2026-10-10T01:43:03.569166+00:00
yahoo-ticker:XLE,XLE,2018-09-21,cash_distribution,0.2565,2026-10-10T01:43:04.018451+00:00,yfinance-1.5.2:2026-10-10T01:43:04.018451+00:00
yahoo-ticker:XLF,XLF,2018-09-21,cash_distribution,0.128,2026-10-10T01:43:04.466526+00:00,yfinance-1.5.2:2026-10-10T01:43:04.466526+00:00
yahoo-ticker:XLI,XLI,2018-09-21,cash_distribution,0.384,2026-10-10T01:43:04.894763+00:00,yfinance-1.5.2:2026-10-10T01:43:04.894763+00:00
yahoo-ticker:XLK,XLK,2018-09-21,cash_distribution,0.127,2026-10-10T01:43:05.330588+00:00,yfinance-1.5.2:2026-10-10T01:43:05.330588+00:00
yahoo-ticker:XLP,XLP,2018-09-21,cash_distribution,0.388,2026-10-10T01:43:05.749242+00:00,yfinance-1.5.2:2026-10-10T01:43:05.749242+00:00
yahoo-ticker:XLU,XLU,2018-09-21,cash_distribution,0.2375,2026-10-10T01:43:06.185048+00:00,yfinance-1.5.2:2026-10-10T01:43:06.185048+00:00
yahoo-ticker:XLV,XLV,2018-09-21,cash_distribution,0.367,2026-10-10T01:43:06.570262+00:00,yfinance-1.5.2:2026-10-10T01:43:06.570262+00:00
yahoo-ticker:XLY,XLY,2018-09-21,cash_distribution,0.1755,2026-10-10T01:43:07.010195+00:00,yfinance-1.5.2:2026-10-10T01:43:07.010195+00:00
yahoo-ticker:QQQ,QQQ,2018-09-24,cash_distribution,0.33,2026-10-10T01:42:58.808927+00:00,yfinance-1.5.2:2026-10-10T01:42:58.808927+00:00
yahoo-ticker:VNQ,VNQ,2018-09-24,cash_distribution,1.144,2026-10-10T01:43:02.060468+00:00,yfinance-1.5.2:2026-10-10T01:43:02.060468+00:00
yahoo-ticker:IWM,IWM,2018-09-26,cash_distribution,0.45,2026-10-10T01:42:57.484124+00:00,yfinance-1.5.2:2026-10-10T01:42:57.484124+00:00
yahoo-ticker:VEA,VEA,2018-09-26,cash_distribution,0.158,2026-10-10T01:43:01.730564+00:00,yfinance-1.5.2:2026-10-10T01:43:01.730564+00:00
yahoo-ticker:VWO,VWO,2018-09-26,cash_distribution,0.475,2026-10-10T01:43:03.149780+00:00,yfinance-1.5.2:2026-10-10T01:43:03.149780+00:00
yahoo-ticker:VTV,VTV,2018-09-28,cash_distribution,0.731,2026-10-10T01:43:02.424133+00:00,yfinance-1.5.2:2026-10-10T01:43:02.424133+00:00
yahoo-ticker:VUG,VUG,2018-09-28,cash_distribution,0.077833,2026-10-10T01:43:02.762619+00:00,yfinance-1.5.2:2026-10-10T01:43:02.762619+00:00
yahoo-ticker:BIL,BIL,2018-10-01,cash_distribution,0.146,2026-10-10T01:42:54.346149+00:00,yfinance-1.5.2:2026-10-10T01:42:54.346149+00:00
yahoo-ticker:HYG,HYG,2018-10-01,cash_distribution,0.389,2026-10-10T01:42:56.450321+00:00,yfinance-1.5.2:2026-10-10T01:42:56.450321+00:00
yahoo-ticker:IEF,IEF,2018-10-01,cash_distribution,0.204,2026-10-10T01:42:57.071590+00:00,yfinance-1.5.2:2026-10-10T01:42:57.071590+00:00
yahoo-ticker:LQD,LQD,2018-10-01,cash_distribution,0.352,2026-10-10T01:42:57.875026+00:00,yfinance-1.5.2:2026-10-10T01:42:57.875026+00:00
yahoo-ticker:MBB,MBB,2018-10-01,cash_distribution,0.224,2026-10-10T01:42:58.253414+00:00,yfinance-1.5.2:2026-10-10T01:42:58.253414+00:00
yahoo-ticker:SHY,SHY,2018-10-01,cash_distribution,0.137,2026-10-10T01:42:59.247733+00:00,yfinance-1.5.2:2026-10-10T01:42:59.247733+00:00
yahoo-ticker:TIP,TIP,2018-10-01,cash_distribution,0.101,2026-10-10T01:43:00.393852+00:00,yfinance-1.5.2:2026-10-10T01:43:00.393852+00:00
yahoo-ticker:TLT,TLT,2018-10-01,cash_distribution,0.261,2026-10-10T01:43:00.768241+00:00,yfinance-1.5.2:2026-10-10T01:43:00.768241+00:00
yahoo-ticker:BIL,BIL,2018-11-01,cash_distribution,0.15,2026-10-10T01:42:54.346149+00:00,yfinance-1.5.2:2026-10-10T01:42:54.346149+00:00
yahoo-ticker:HYG,HYG,2018-11-01,cash_distribution,0.415,2026-10-10T01:42:56.450321+00:00,yfinance-1.5.2:2026-10-10T01:42:56.450321+00:00
yahoo-ticker:IEF,IEF,2018-11-01,cash_distribution,0.216,2026-10-10T01:42:57.071590+00:00,yfinance-1.5.2:2026-10-10T01:42:57.071590+00:00
yahoo-ticker:LQD,LQD,2018-11-01,cash_distribution,0.369,2026-10-10T01:42:57.875026+00:00,yfinance-1.5.2:2026-10-10T01:42:57.875026+00:00
yahoo-ticker:MBB,MBB,2018-11-01,cash_distribution,0.254,2026-10-10T01:42:58.253414+00:00,yfinance-1.5.2:2026-10-10T01:42:58.253414+00:00
yahoo-ticker:SHY,SHY,2018-11-01,cash_distribution,0.146,2026-10-10T01:42:59.247733+00:00,yfinance-1.5.2:2026-10-10T01:42:59.247733+00:00
yahoo-ticker:TIP,TIP,2018-11-01,cash_distribution,0.091,2026-10-10T01:43:00.393852+00:00,yfinance-1.5.2:2026-10-10T01:43:00.393852+00:00
yahoo-ticker:TLT,TLT,2018-11-01,cash_distribution,0.275,2026-10-10T01:43:00.768241+00:00,yfinance-1.5.2:2026-10-10T01:43:00.768241+00:00
yahoo-ticker:BIL,BIL,2018-12-03,cash_distribution,0.157,2026-10-10T01:42:54.346149+00:00,yfinance-1.5.2:2026-10-10T01:42:54.346149+00:00
yahoo-ticker:HYG,HYG,2018-12-03,cash_distribution,0.376,2026-10-10T01:42:56.450321+00:00,yfinance-1.5.2:2026-10-10T01:42:56.450321+00:00
yahoo-ticker:IEF,IEF,2018-12-03,cash_distribution,0.212,2026-10-10T01:42:57.071590+00:00,yfinance-1.5.2:2026-10-10T01:42:57.071590+00:00
yahoo-ticker:LQD,LQD,2018-12-03,cash_distribution,0.353,2026-10-10T01:42:57.875026+00:00,yfinance-1.5.2:2026-10-10T01:42:57.875026+00:00
yahoo-ticker:MBB,MBB,2018-12-03,cash_distribution,0.272,2026-10-10T01:42:58.253414+00:00,yfinance-1.5.2:2026-10-10T01:42:58.253414+00:00
yahoo-ticker:SHY,SHY,2018-12-03,cash_distribution,0.142,2026-10-10T01:42:59.247733+00:00,yfinance-1.5.2:2026-10-10T01:42:59.247733+00:00
yahoo-ticker:TIP,TIP,2018-12-03,cash_distribution,0.155,2026-10-10T01:43:00.393852+00:00,yfinance-1.5.2:2026-10-10T01:43:00.393852+00:00
yahoo-ticker:TLT,TLT,2018-12-03,cash_distribution,0.267,2026-10-10T01:43:00.768241+00:00,yfinance-1.5.2:2026-10-10T01:43:00.768241+00:00
yahoo-ticker:VNQ,VNQ,2018-12-13,cash_distribution,0.949,2026-10-10T01:43:02.060468+00:00,yfinance-1.5.2:2026-10-10T01:43:02.060468+00:00
yahoo-ticker:IWM,IWM,2018-12-17,cash_distribution,0.469,2026-10-10T01:42:57.484124+00:00,yfinance-1.5.2:2026-10-10T01:42:57.484124+00:00
yahoo-ticker:EEM,EEM,2018-12-18,cash_distribution,0.584,2026-10-10T01:42:55.050042+00:00,yfinance-1.5.2:2026-10-10T01:42:55.050042+00:00
yahoo-ticker:EFA,EFA,2018-12-18,cash_distribution,0.638,2026-10-10T01:42:55.419695+00:00,yfinance-1.5.2:2026-10-10T01:42:55.419695+00:00
yahoo-ticker:EWJ,EWJ,2018-12-18,cash_distribution,0.405,2026-10-10T01:42:55.842554+00:00,yfinance-1.5.2:2026-10-10T01:42:55.842554+00:00
yahoo-ticker:HYG,HYG,2018-12-18,cash_distribution,0.391,2026-10-10T01:42:56.450321+00:00,yfinance-1.5.2:2026-10-10T01:42:56.450321+00:00
yahoo-ticker:IEF,IEF,2018-12-18,cash_distribution,0.213,2026-10-10T01:42:57.071590+00:00,yfinance-1.5.2:2026-10-10T01:42:57.071590+00:00
yahoo-ticker:LQD,LQD,2018-12-18,cash_distribution,0.352,2026-10-10T01:42:57.875026+00:00,yfinance-1.5.2:2026-10-10T01:42:57.875026+00:00
yahoo-ticker:MBB,MBB,2018-12-18,cash_distribution,0.084,2026-10-10T01:42:58.253414+00:00,yfinance-1.5.2:2026-10-10T01:42:58.253414+00:00
yahoo-ticker:SHY,SHY,2018-12-18,cash_distribution,0.119,2026-10-10T01:42:59.247733+00:00,yfinance-1.5.2:2026-10-10T01:42:59.247733+00:00
yahoo-ticker:TIP,TIP,2018-12-18,cash_distribution,0.184,2026-10-10T01:43:00.393852+00:00,yfinance-1.5.2:2026-10-10T01:43:00.393852+00:00
yahoo-ticker:TLT,TLT,2018-12-18,cash_distribution,0.282,2026-10-10T01:43:00.768241+00:00,yfinance-1.5.2:2026-10-10T01:43:00.768241+00:00
yahoo-ticker:BIL,BIL,2018-12-19,cash_distribution,0.16,2026-10-10T01:42:54.346149+00:00,yfinance-1.5.2:2026-10-10T01:42:54.346149+00:00
yahoo-ticker:SPY,SPY,2018-12-21,cash_distribution,1.435,2026-10-10T01:42:59.974995+00:00,yfinance-1.5.2:2026-10-10T01:42:59.974995+00:00
yahoo-ticker:XLB,XLB,2018-12-21,cash_distribution,0.1595,2026-10-10T01:43:03.569166+00:00,yfinance-1.5.2:2026-10-10T01:43:03.569166+00:00
yahoo-ticker:XLE,XLE,2018-12-21,cash_distribution,0.265,2026-10-10T01:43:04.018451+00:00,yfinance-1.5.2:2026-10-10T01:43:04.018451+00:00
yahoo-ticker:XLF,XLF,2018-12-21,cash_distribution,0.145,2026-10-10T01:43:04.466526+00:00,yfinance-1.5.2:2026-10-10T01:43:04.466526+00:00
yahoo-ticker:XLI,XLI,2018-12-21,cash_distribution,0.392,2026-10-10T01:43:04.894763+00:00,yfinance-1.5.2:2026-10-10T01:43:04.894763+00:00
yahoo-ticker:XLK,XLK,2018-12-21,cash_distribution,0.1325,2026-10-10T01:43:05.330588+00:00,yfinance-1.5.2:2026-10-10T01:43:05.330588+00:00
yahoo-ticker:XLP,XLP,2018-12-21,cash_distribution,0.464,2026-10-10T01:43:05.749242+00:00,yfinance-1.5.2:2026-10-10T01:43:05.749242+00:00
yahoo-ticker:XLU,XLU,2018-12-21,cash_distribution,0.2295,2026-10-10T01:43:06.185048+00:00,yfinance-1.5.2:2026-10-10T01:43:06.185048+00:00
yahoo-ticker:XLV,XLV,2018-12-21,cash_distribution,0.38,2026-10-10T01:43:06.570262+00:00,yfinance-1.5.2:2026-10-10T01:43:06.570262+00:00
yahoo-ticker:XLY,XLY,2018-12-21,cash_distribution,0.188,2026-10-10T01:43:07.010195+00:00,yfinance-1.5.2:2026-10-10T01:43:07.010195+00:00
yahoo-ticker:DBA,DBA,2018-12-24,cash_distribution,0.18,2026-10-10T01:42:54.687713+00:00,yfinance-1.5.2:2026-10-10T01:42:54.687713+00:00
yahoo-ticker:PDBC,PDBC,2018-12-24,cash_distribution,0.151,2026-10-10T01:42:58.484360+00:00,yfinance-1.5.2:2026-10-10T01:42:58.484360+00:00
yahoo-ticker:QQQ,QQQ,2018-12-24,cash_distribution,0.421,2026-10-10T01:42:58.808927+00:00,yfinance-1.5.2:2026-10-10T01:42:58.808927+00:00
yahoo-ticker:UUP,UUP,2018-12-24,cash_distribution,0.276,2026-10-10T01:43:01.392906+00:00,yfinance-1.5.2:2026-10-10T01:43:01.392906+00:00
yahoo-ticker:VEA,VEA,2018-12-24,cash_distribution,0.384,2026-10-10T01:43:01.730564+00:00,yfinance-1.5.2:2026-10-10T01:43:01.730564+00:00
yahoo-ticker:VTV,VTV,2018-12-24,cash_distribution,0.708,2026-10-10T01:43:02.424133+00:00,yfinance-1.5.2:2026-10-10T01:43:02.424133+00:00
yahoo-ticker:VUG,VUG,2018-12-24,cash_distribution,0.087833,2026-10-10T01:43:02.762619+00:00,yfinance-1.5.2:2026-10-10T01:43:02.762619+00:00
yahoo-ticker:VWO,VWO,2018-12-24,cash_distribution,0.259,2026-10-10T01:43:03.149780+00:00,yfinance-1.5.2:2026-10-10T01:43:03.149780+00:00
yahoo-ticker:BIL,BIL,2019-02-01,cash_distribution,0.179,2026-10-10T01:42:54.346149+00:00,yfinance-1.5.2:2026-10-10T01:42:54.346149+00:00
yahoo-ticker:HYG,HYG,2019-02-01,cash_distribution,0.389,2026-10-10T01:42:56.450321+00:00,yfinance-1.5.2:2026-10-10T01:42:56.450321+00:00
yahoo-ticker:IEF,IEF,2019-02-01,cash_distribution,0.22,2026-10-10T01:42:57.071590+00:00,yfinance-1.5.2:2026-10-10T01:42:57.071590+00:00
yahoo-ticker:LQD,LQD,2019-02-01,cash_distribution,0.353,2026-10-10T01:42:57.875026+00:00,yfinance-1.5.2:2026-10-10T01:42:57.875026+00:00
yahoo-ticker:MBB,MBB,2019-02-01,cash_distribution,0.29,2026-10-10T01:42:58.253414+00:00,yfinance-1.5.2:2026-10-10T01:42:58.253414+00:00
yahoo-ticker:SHY,SHY,2019-02-01,cash_distribution,0.152,2026-10-10T01:42:59.247733+00:00,yfinance-1.5.2:2026-10-10T01:42:59.247733+00:00
yahoo-ticker:TLT,TLT,2019-02-01,cash_distribution,0.275,2026-10-10T01:43:00.768241+00:00,yfinance-1.5.2:2026-10-10T01:43:00.768241+00:00
yahoo-ticker:BIL,BIL,2019-03-01,cash_distribution,0.17,2026-10-10T01:42:54.346149+00:00,yfinance-1.5.2:2026-10-10T01:42:54.346149+00:00
yahoo-ticker:HYG,HYG,2019-03-01,cash_distribution,0.382,2026-10-10T01:42:56.450321+00:00,yfinance-1.5.2:2026-10-10T01:42:56.450321+00:00
yahoo-ticker:IEF,IEF,2019-03-01,cash_distribution,0.199,2026-10-10T01:42:57.071590+00:00,yfinance-1.5.2:2026-10-10T01:42:57.071590+00:00
yahoo-ticker:LQD,LQD,2019-03-01,cash_distribution,0.358,2026-10-10T01:42:57.875026+00:00,yfinance-1.5.2:2026-10-10T01:42:57.875026+00:00
yahoo-ticker:MBB,MBB,2019-03-01,cash_distribution,0.285,2026-10-10T01:42:58.253414+00:00,yfinance-1.5.2:2026-10-10T01:42:58.253414+00:00
yahoo-ticker:SHY,SHY,2019-03-01,cash_distribution,0.154,2026-10-10T01:42:59.247733+00:00,yfinance-1.5.2:2026-10-10T01:42:59.247733+00:00
yahoo-ticker:TLT,TLT,2019-03-01,cash_distribution,0.253,2026-10-10T01:43:00.768241+00:00,yfinance-1.5.2:2026-10-10T01:43:00.768241+00:00
yahoo-ticker:SPY,SPY,2019-03-15,cash_distribution,1.233,2026-10-10T01:42:59.974995+00:00,yfinance-1.5.2:2026-10-10T01:42:59.974995+00:00
yahoo-ticker:XLB,XLB,2019-03-15,cash_distribution,0.1195,2026-10-10T01:43:03.569166+00:00,yfinance-1.5.2:2026-10-10T01:43:03.569166+00:00
yahoo-ticker:XLE,XLE,2019-03-15,cash_distribution,0.257,2026-10-10T01:43:04.018451+00:00,yfinance-1.5.2:2026-10-10T01:43:04.018451+00:00
yahoo-ticker:XLF,XLF,2019-03-15,cash_distribution,0.135,2026-10-10T01:43:04.466526+00:00,yfinance-1.5.2:2026-10-10T01:43:04.466526+00:00
yahoo-ticker:XLI,XLI,2019-03-15,cash_distribution,0.428,2026-10-10T01:43:04.894763+00:00,yfinance-1.5.2:2026-10-10T01:43:04.894763+00:00
yahoo-ticker:XLK,XLK,2019-03-15,cash_distribution,0.1165,2026-10-10T01:43:05.330588+00:00,yfinance-1.5.2:2026-10-10T01:43:05.330588+00:00
yahoo-ticker:XLP,XLP,2019-03-15,cash_distribution,0.298,2026-10-10T01:43:05.749242+00:00,yfinance-1.5.2:2026-10-10T01:43:05.749242+00:00
yahoo-ticker:XLU,XLU,2019-03-15,cash_distribution,0.215,2026-10-10T01:43:06.185048+00:00,yfinance-1.5.2:2026-10-10T01:43:06.185048+00:00
yahoo-ticker:XLV,XLV,2019-03-15,cash_distribution,0.341,2026-10-10T01:43:06.570262+00:00,yfinance-1.5.2:2026-10-10T01:43:06.570262+00:00
yahoo-ticker:XLY,XLY,2019-03-15,cash_distribution,0.1875,2026-10-10T01:43:07.010195+00:00,yfinance-1.5.2:2026-10-10T01:43:07.010195+00:00
yahoo-ticker:QQQ,QQQ,2019-03-18,cash_distribution,0.324,2026-10-10T01:42:58.808927+00:00,yfinance-1.5.2:2026-10-10T01:42:58.808927+00:00
yahoo-ticker:IWM,IWM,2019-03-20,cash_distribution,0.412,2026-10-10T01:42:57.484124+00:00,yfinance-1.5.2:2026-10-10T01:42:57.484124+00:00
yahoo-ticker:VWO,VWO,2019-03-25,cash_distribution,0.082,2026-10-10T01:43:03.149780+00:00,yfinance-1.5.2:2026-10-10T01:43:03.149780+00:00
yahoo-ticker:VEA,VEA,2019-03-28,cash_distribution,0.175,2026-10-10T01:43:01.730564+00:00,yfinance-1.5.2:2026-10-10T01:43:01.730564+00:00
yahoo-ticker:VNQ,VNQ,2019-03-28,cash_distribution,0.616,2026-10-10T01:43:02.060468+00:00,yfinance-1.5.2:2026-10-10T01:43:02.060468+00:00
yahoo-ticker:VTV,VTV,2019-03-28,cash_distribution,0.735,2026-10-10T01:43:02.424133+00:00,yfinance-1.5.2:2026-10-10T01:43:02.424133+00:00
yahoo-ticker:VUG,VUG,2019-03-28,cash_distribution,0.072,2026-10-10T01:43:02.762619+00:00,yfinance-1.5.2:2026-10-10T01:43:02.762619+00:00
yahoo-ticker:BIL,BIL,2019-04-01,cash_distribution,0.176,2026-10-10T01:42:54.346149+00:00,yfinance-1.5.2:2026-10-10T01:42:54.346149+00:00
yahoo-ticker:HYG,HYG,2019-04-01,cash_distribution,0.379,2026-10-10T01:42:56.450321+00:00,yfinance-1.5.2:2026-10-10T01:42:56.450321+00:00
yahoo-ticker:IEF,IEF,2019-04-01,cash_distribution,0.218,2026-10-10T01:42:57.071590+00:00,yfinance-1.5.2:2026-10-10T01:42:57.071590+00:00
yahoo-ticker:LQD,LQD,2019-04-01,cash_distribution,0.358,2026-10-10T01:42:57.875026+00:00,yfinance-1.5.2:2026-10-10T01:42:57.875026+00:00
yahoo-ticker:MBB,MBB,2019-04-01,cash_distribution,0.271,2026-10-10T01:42:58.253414+00:00,yfinance-1.5.2:2026-10-10T01:42:58.253414+00:00
yahoo-ticker:SHY,SHY,2019-04-01,cash_distribution,0.164,2026-10-10T01:42:59.247733+00:00,yfinance-1.5.2:2026-10-10T01:42:59.247733+00:00
yahoo-ticker:TLT,TLT,2019-04-01,cash_distribution,0.278,2026-10-10T01:43:00.768241+00:00,yfinance-1.5.2:2026-10-10T01:43:00.768241+00:00
yahoo-ticker:BIL,BIL,2019-05-01,cash_distribution,0.174,2026-10-10T01:42:54.346149+00:00,yfinance-1.5.2:2026-10-10T01:42:54.346149+00:00
yahoo-ticker:HYG,HYG,2019-05-01,cash_distribution,0.366,2026-10-10T01:42:56.450321+00:00,yfinance-1.5.2:2026-10-10T01:42:56.450321+00:00
yahoo-ticker:IEF,IEF,2019-05-01,cash_distribution,0.212,2026-10-10T01:42:57.071590+00:00,yfinance-1.5.2:2026-10-10T01:42:57.071590+00:00
yahoo-ticker:LQD,LQD,2019-05-01,cash_distribution,0.352,2026-10-10T01:42:57.875026+00:00,yfinance-1.5.2:2026-10-10T01:42:57.875026+00:00
yahoo-ticker:MBB,MBB,2019-05-01,cash_distribution,0.262,2026-10-10T01:42:58.253414+00:00,yfinance-1.5.2:2026-10-10T01:42:58.253414+00:00
yahoo-ticker:SHY,SHY,2019-05-01,cash_distribution,0.156,2026-10-10T01:42:59.247733+00:00,yfinance-1.5.2:2026-10-10T01:42:59.247733+00:00
yahoo-ticker:TIP,TIP,2019-05-01,cash_distribution,0.035,2026-10-10T01:43:00.393852+00:00,yfinance-1.5.2:2026-10-10T01:43:00.393852+00:00
yahoo-ticker:TLT,TLT,2019-05-01,cash_distribution,0.259,2026-10-10T01:43:00.768241+00:00,yfinance-1.5.2:2026-10-10T01:43:00.768241+00:00
yahoo-ticker:BIL,BIL,2019-06-03,cash_distribution,0.176,2026-10-10T01:42:54.346149+00:00,yfinance-1.5.2:2026-10-10T01:42:54.346149+00:00
yahoo-ticker:HYG,HYG,2019-06-03,cash_distribution,0.386,2026-10-10T01:42:56.450321+00:00,yfinance-1.5.2:2026-10-10T01:42:56.450321+00:00
yahoo-ticker:IEF,IEF,2019-06-03,cash_distribution,0.213,2026-10-10T01:42:57.071590+00:00,yfinance-1.5.2:2026-10-10T01:42:57.071590+00:00
yahoo-ticker:LQD,LQD,2019-06-03,cash_distribution,0.371,2026-10-10T01:42:57.875026+00:00,yfinance-1.5.2:2026-10-10T01:42:57.875026+00:00
yahoo-ticker:MBB,MBB,2019-06-03,cash_distribution,0.262,2026-10-10T01:42:58.253414+00:00,yfinance-1.5.2:2026-10-10T01:42:58.253414+00:00
yahoo-ticker:SHY,SHY,2019-06-03,cash_distribution,0.169,2026-10-10T01:42:59.247733+00:00,yfinance-1.5.2:2026-10-10T01:42:59.247733+00:00
yahoo-ticker:TIP,TIP,2019-06-03,cash_distribution,0.639,2026-10-10T01:43:00.393852+00:00,yfinance-1.5.2:2026-10-10T01:43:00.393852+00:00
yahoo-ticker:TLT,TLT,2019-06-03,cash_distribution,0.27,2026-10-10T01:43:00.768241+00:00,yfinance-1.5.2:2026-10-10T01:43:00.768241+00:00
yahoo-ticker:EEM,EEM,2019-06-17,cash_distribution,0.311,2026-10-10T01:42:55.050042+00:00,yfinance-1.5.2:2026-10-10T01:42:55.050042+00:00
yahoo-ticker:EFA,EFA,2019-06-17,cash_distribution,1.376,2026-10-10T01:42:55.419695+00:00,yfinance-1.5.2:2026-10-10T01:42:55.419695+00:00
yahoo-ticker:EWJ,EWJ,2019-06-17,cash_distribution,0.487,2026-10-10T01:42:55.842554+00:00,yfinance-1.5.2:2026-10-10T01:42:55.842554+00:00
yahoo-ticker:IWM,IWM,2019-06-17,cash_distribution,0.533,2026-10-10T01:42:57.484124+00:00,yfinance-1.5.2:2026-10-10T01:42:57.484124+00:00
yahoo-ticker:VEA,VEA,2019-06-17,cash_distribution,0.45,2026-10-10T01:43:01.730564+00:00,yfinance-1.5.2:2026-10-10T01:43:01.730564+00:00
yahoo-ticker:VWO,VWO,2019-06-17,cash_distribution,0.279,2026-10-10T01:43:03.149780+00:00,yfinance-1.5.2:2026-10-10T01:43:03.149780+00:00
yahoo-ticker:SPY,SPY,2019-06-21,cash_distribution,1.432,2026-10-10T01:42:59.974995+00:00,yfinance-1.5.2:2026-10-10T01:42:59.974995+00:00
yahoo-ticker:XLB,XLB,2019-06-21,cash_distribution,0.173,2026-10-10T01:43:03.569166+00:00,yfinance-1.5.2:2026-10-10T01:43:03.569166+00:00
yahoo-ticker:XLE,XLE,2019-06-21,cash_distribution,0.288,2026-10-10T01:43:04.018451+00:00,yfinance-1.5.2:2026-10-10T01:43:04.018451+00:00
yahoo-ticker:XLF,XLF,2019-06-21,cash_distribution,0.139,2026-10-10T01:43:04.466526+00:00,yfinance-1.5.2:2026-10-10T01:43:04.466526+00:00
yahoo-ticker:XLI,XLI,2019-06-21,cash_distribution,0.337,2026-10-10T01:43:04.894763+00:00,yfinance-1.5.2:2026-10-10T01:43:04.894763+00:00
yahoo-ticker:XLK,XLK,2019-06-21,cash_distribution,0.139,2026-10-10T01:43:05.330588+00:00,yfinance-1.5.2:2026-10-10T01:43:05.330588+00:00
yahoo-ticker:XLP,XLP,2019-06-21,cash_distribution,0.449,2026-10-10T01:43:05.749242+00:00,yfinance-1.5.2:2026-10-10T01:43:05.749242+00:00
yahoo-ticker:XLU,XLU,2019-06-21,cash_distribution,0.2425,2026-10-10T01:43:06.185048+00:00,yfinance-1.5.2:2026-10-10T01:43:06.185048+00:00
yahoo-ticker:XLV,XLV,2019-06-21,cash_distribution,0.398,2026-10-10T01:43:06.570262+00:00,yfinance-1.5.2:2026-10-10T01:43:06.570262+00:00
yahoo-ticker:XLY,XLY,2019-06-21,cash_distribution,0.207,2026-10-10T01:43:07.010195+00:00,yfinance-1.5.2:2026-10-10T01:43:07.010195+00:00
yahoo-ticker:QQQ,QQQ,2019-06-24,cash_distribution,0.416,2026-10-10T01:42:58.808927+00:00,yfinance-1.5.2:2026-10-10T01:42:58.808927+00:00
yahoo-ticker:VNQ,VNQ,2019-06-27,cash_distribution,0.827,2026-10-10T01:43:02.060468+00:00,yfinance-1.5.2:2026-10-10T01:43:02.060468+00:00
yahoo-ticker:VTV,VTV,2019-06-27,cash_distribution,0.699,2026-10-10T01:43:02.424133+00:00,yfinance-1.5.2:2026-10-10T01:43:02.424133+00:00
yahoo-ticker:VUG,VUG,2019-06-27,cash_distribution,0.068833,2026-10-10T01:43:02.762619+00:00,yfinance-1.5.2:2026-10-10T01:43:02.762619+00:00
yahoo-ticker:BIL,BIL,2019-07-01,cash_distribution,0.165,2026-10-10T01:42:54.346149+00:00,yfinance-1.5.2:2026-10-10T01:42:54.346149+00:00
yahoo-ticker:HYG,HYG,2019-07-01,cash_distribution,0.386,2026-10-10T01:42:56.450321+00:00,yfinance-1.5.2:2026-10-10T01:42:56.450321+00:00
yahoo-ticker:IEF,IEF,2019-07-01,cash_distribution,0.192,2026-10-10T01:42:57.071590+00:00,yfinance-1.5.2:2026-10-10T01:42:57.071590+00:00
yahoo-ticker:LQD,LQD,2019-07-01,cash_distribution,0.355,2026-10-10T01:42:57.875026+00:00,yfinance-1.5.2:2026-10-10T01:42:57.875026+00:00
yahoo-ticker:MBB,MBB,2019-07-01,cash_distribution,0.264,2026-10-10T01:42:58.253414+00:00,yfinance-1.5.2:2026-10-10T01:42:58.253414+00:00
yahoo-ticker:SHY,SHY,2019-07-01,cash_distribution,0.156,2026-10-10T01:42:59.247733+00:00,yfinance-1.5.2:2026-10-10T01:42:59.247733+00:00
yahoo-ticker:TIP,TIP,2019-07-01,cash_distribution,0.612,2026-10-10T01:43:00.393852+00:00,yfinance-1.5.2:2026-10-10T01:43:00.393852+00:00
yahoo-ticker:TLT,TLT,2019-07-01,cash_distribution,0.26,2026-10-10T01:43:00.768241+00:00,yfinance-1.5.2:2026-10-10T01:43:00.768241+00:00
yahoo-ticker:BIL,BIL,2019-08-01,cash_distribution,0.155,2026-10-10T01:42:54.346149+00:00,yfinance-1.5.2:2026-10-10T01:42:54.346149+00:00
yahoo-ticker:HYG,HYG,2019-08-01,cash_distribution,0.367,2026-10-10T01:42:56.450321+00:00,yfinance-1.5.2:2026-10-10T01:42:56.450321+00:00
yahoo-ticker:IEF,IEF,2019-08-01,cash_distribution,0.194,2026-10-10T01:42:57.071590+00:00,yfinance-1.5.2:2026-10-10T01:42:57.071590+00:00
yahoo-ticker:LQD,LQD,2019-08-01,cash_distribution,0.348,2026-10-10T01:42:57.875026+00:00,yfinance-1.5.2:2026-10-10T01:42:57.875026+00:00
yahoo-ticker:MBB,MBB,2019-08-01,cash_distribution,0.263,2026-10-10T01:42:58.253414+00:00,yfinance-1.5.2:2026-10-10T01:42:58.253414+00:00
yahoo-ticker:SHY,SHY,2019-08-01,cash_distribution,0.15,2026-10-10T01:42:59.247733+00:00,yfinance-1.5.2:2026-10-10T01:42:59.247733+00:00
yahoo-ticker:TIP,TIP,2019-08-01,cash_distribution,0.27,2026-10-10T01:43:00.393852+00:00,yfinance-1.5.2:2026-10-10T01:43:00.393852+00:00
yahoo-ticker:TLT,TLT,2019-08-01,cash_distribution,0.264,2026-10-10T01:43:00.768241+00:00,yfinance-1.5.2:2026-10-10T01:43:00.768241+00:00
yahoo-ticker:BIL,BIL,2019-09-03,cash_distribution,0.168,2026-10-10T01:42:54.346149+00:00,yfinance-1.5.2:2026-10-10T01:42:54.346149+00:00
yahoo-ticker:HYG,HYG,2019-09-03,cash_distribution,0.371,2026-10-10T01:42:56.450321+00:00,yfinance-1.5.2:2026-10-10T01:42:56.450321+00:00
yahoo-ticker:IEF,IEF,2019-09-03,cash_distribution,0.19,2026-10-10T01:42:57.071590+00:00,yfinance-1.5.2:2026-10-10T01:42:57.071590+00:00
yahoo-ticker:LQD,LQD,2019-09-03,cash_distribution,0.349,2026-10-10T01:42:57.875026+00:00,yfinance-1.5.2:2026-10-10T01:42:57.875026+00:00
yahoo-ticker:MBB,MBB,2019-09-03,cash_distribution,0.265,2026-10-10T01:42:58.253414+00:00,yfinance-1.5.2:2026-10-10T01:42:58.253414+00:00
yahoo-ticker:SHY,SHY,2019-09-03,cash_distribution,0.146,2026-10-10T01:42:59.247733+00:00,yfinance-1.5.2:2026-10-10T01:42:59.247733+00:00
yahoo-ticker:TIP,TIP,2019-09-03,cash_distribution,0.059,2026-10-10T01:43:00.393852+00:00,yfinance-1.5.2:2026-10-10T01:43:00.393852+00:00
yahoo-ticker:TLT,TLT,2019-09-03,cash_distribution,0.26,2026-10-10T01:43:00.768241+00:00,yfinance-1.5.2:2026-10-10T01:43:00.768241+00:00
yahoo-ticker:VTV,VTV,2019-09-16,cash_distribution,0.658,2026-10-10T01:43:02.424133+00:00,yfinance-1.5.2:2026-10-10T01:43:02.424133+00:00
yahoo-ticker:VUG,VUG,2019-09-16,cash_distribution,0.064167,2026-10-10T01:43:02.762619+00:00,yfinance-1.5.2:2026-10-10T01:43:02.762619+00:00
yahoo-ticker:SPY,SPY,2019-09-20,cash_distribution,1.384,2026-10-10T01:42:59.974995+00:00,yfinance-1.5.2:2026-10-10T01:42:59.974995+00:00
yahoo-ticker:XLB,XLB,2019-09-20,cash_distribution,0.147,2026-10-10T01:43:03.569166+00:00,yfinance-1.5.2:2026-10-10T01:43:03.569166+00:00
yahoo-ticker:XLE,XLE,2019-09-20,cash_distribution,0.28,2026-10-10T01:43:04.018451+00:00,yfinance-1.5.2:2026-10-10T01:43:04.018451+00:00
yahoo-ticker:XLF,XLF,2019-09-20,cash_distribution,0.144,2026-10-10T01:43:04.466526+00:00,yfinance-1.5.2:2026-10-10T01:43:04.466526+00:00
yahoo-ticker:XLI,XLI,2019-09-20,cash_distribution,0.415,2026-10-10T01:43:04.894763+00:00,yfinance-1.5.2:2026-10-10T01:43:04.894763+00:00
yahoo-ticker:XLK,XLK,2019-09-20,cash_distribution,0.1265,2026-10-10T01:43:05.330588+00:00,yfinance-1.5.2:2026-10-10T01:43:05.330588+00:00
yahoo-ticker:XLP,XLP,2019-09-20,cash_distribution,0.358,2026-10-10T01:43:05.749242+00:00,yfinance-1.5.2:2026-10-10T01:43:05.749242+00:00
yahoo-ticker:XLU,XLU,2019-09-20,cash_distribution,0.246,2026-10-10T01:43:06.185048+00:00,yfinance-1.5.2:2026-10-10T01:43:06.185048+00:00
yahoo-ticker:XLV,XLV,2019-09-20,cash_distribution,0.38,2026-10-10T01:43:06.570262+00:00,yfinance-1.5.2:2026-10-10T01:43:06.570262+00:00
yahoo-ticker:XLY,XLY,2019-09-20,cash_distribution,0.202,2026-10-10T01:43:07.010195+00:00,yfinance-1.5.2:2026-10-10T01:43:07.010195+00:00
yahoo-ticker:QQQ,QQQ,2019-09-23,cash_distribution,0.384,2026-10-10T01:42:58.808927+00:00,yfinance-1.5.2:2026-10-10T01:42:58.808927+00:00
yahoo-ticker:IWM,IWM,2019-09-24,cash_distribution,0.544,2026-10-10T01:42:57.484124+00:00,yfinance-1.5.2:2026-10-10T01:42:57.484124+00:00
yahoo-ticker:VEA,VEA,2019-09-24,cash_distribution,0.275,2026-10-10T01:43:01.730564+00:00,yfinance-1.5.2:2026-10-10T01:43:01.730564+00:00
yahoo-ticker:VNQ,VNQ,2019-09-24,cash_distribution,0.744,2026-10-10T01:43:02.060468+00:00,yfinance-1.5.2:2026-10-10T01:43:02.060468+00:00
yahoo-ticker:VWO,VWO,2019-09-24,cash_distribution,0.519,2026-10-10T01:43:03.149780+00:00,yfinance-1.5.2:2026-10-10T01:43:03.149780+00:00
yahoo-ticker:BIL,BIL,2019-10-01,cash_distribution,0.137,2026-10-10T01:42:54.346149+00:00,yfinance-1.5.2:2026-10-10T01:42:54.346149+00:00
yahoo-ticker:HYG,HYG,2019-10-01,cash_distribution,0.35,2026-10-10T01:42:56.450321+00:00,yfinance-1.5.2:2026-10-10T01:42:56.450321+00:00
yahoo-ticker:IEF,IEF,2019-10-01,cash_distribution,0.171,2026-10-10T01:42:57.071590+00:00,yfinance-1.5.2:2026-10-10T01:42:57.071590+00:00
yahoo-ticker:LQD,LQD,2019-10-01,cash_distribution,0.336,2026-10-10T01:42:57.875026+00:00,yfinance-1.5.2:2026-10-10T01:42:57.875026+00:00
yahoo-ticker:MBB,MBB,2019-10-01,cash_distribution,0.262,2026-10-10T01:42:58.253414+00:00,yfinance-1.5.2:2026-10-10T01:42:58.253414+00:00
yahoo-ticker:SHY,SHY,2019-10-01,cash_distribution,0.135,2026-10-10T01:42:59.247733+00:00,yfinance-1.5.2:2026-10-10T01:42:59.247733+00:00
yahoo-ticker:TIP,TIP,2019-10-01,cash_distribution,0.196,2026-10-10T01:43:00.393852+00:00,yfinance-1.5.2:2026-10-10T01:43:00.393852+00:00
yahoo-ticker:TLT,TLT,2019-10-01,cash_distribution,0.25,2026-10-10T01:43:00.768241+00:00,yfinance-1.5.2:2026-10-10T01:43:00.768241+00:00
yahoo-ticker:BIL,BIL,2019-11-01,cash_distribution,0.139,2026-10-10T01:42:54.346149+00:00,yfinance-1.5.2:2026-10-10T01:42:54.346149+00:00
yahoo-ticker:HYG,HYG,2019-11-01,cash_distribution,0.361,2026-10-10T01:42:56.450321+00:00,yfinance-1.5.2:2026-10-10T01:42:56.450321+00:00
yahoo-ticker:IEF,IEF,2019-11-01,cash_distribution,0.168,2026-10-10T01:42:57.071590+00:00,yfinance-1.5.2:2026-10-10T01:42:57.071590+00:00
yahoo-ticker:LQD,LQD,2019-11-01,cash_distribution,0.345,2026-10-10T01:42:57.875026+00:00,yfinance-1.5.2:2026-10-10T01:42:57.875026+00:00
yahoo-ticker:MBB,MBB,2019-11-01,cash_distribution,0.259,2026-10-10T01:42:58.253414+00:00,yfinance-1.5.2:2026-10-10T01:42:58.253414+00:00
yahoo-ticker:SHY,SHY,2019-11-01,cash_distribution,0.14,2026-10-10T01:42:59.247733+00:00,yfinance-1.5.2:2026-10-10T01:42:59.247733+00:00
yahoo-ticker:TIP,TIP,2019-11-01,cash_distribution,0.02,2026-10-10T01:43:00.393852+00:00,yfinance-1.5.2:2026-10-10T01:43:00.393852+00:00
yahoo-ticker:TLT,TLT,2019-11-01,cash_distribution,0.246,2026-10-10T01:43:00.768241+00:00,yfinance-1.5.2:2026-10-10T01:43:00.768241+00:00
yahoo-ticker:BIL,BIL,2019-12-02,cash_distribution,0.117,2026-10-10T01:42:54.346149+00:00,yfinance-1.5.2:2026-10-10T01:42:54.346149+00:00
yahoo-ticker:HYG,HYG,2019-12-02,cash_distribution,0.341,2026-10-10T01:42:56.450321+00:00,yfinance-1.5.2:2026-10-10T01:42:56.450321+00:00
yahoo-ticker:IEF,IEF,2019-12-02,cash_distribution,0.16,2026-10-10T01:42:57.071590+00:00,yfinance-1.5.2:2026-10-10T01:42:57.071590+00:00
yahoo-ticker:LQD,LQD,2019-12-02,cash_distribution,0.346,2026-10-10T01:42:57.875026+00:00,yfinance-1.5.2:2026-10-10T01:42:57.875026+00:00
yahoo-ticker:MBB,MBB,2019-12-02,cash_distribution,0.251,2026-10-10T01:42:58.253414+00:00,yfinance-1.5.2:2026-10-10T01:42:58.253414+00:00
yahoo-ticker:SHY,SHY,2019-12-02,cash_distribution,0.134,2026-10-10T01:42:59.247733+00:00,yfinance-1.5.2:2026-10-10T01:42:59.247733+00:00
yahoo-ticker:TIP,TIP,2019-12-02,cash_distribution,0.104,2026-10-10T01:43:00.393852+00:00,yfinance-1.5.2:2026-10-10T01:43:00.393852+00:00
yahoo-ticker:TLT,TLT,2019-12-02,cash_distribution,0.241,2026-10-10T01:43:00.768241+00:00,yfinance-1.5.2:2026-10-10T01:43:00.768241+00:00
yahoo-ticker:EEM,EEM,2019-12-16,cash_distribution,0.929,2026-10-10T01:42:55.050042+00:00,yfinance-1.5.2:2026-10-10T01:42:55.050042+00:00
yahoo-ticker:EFA,EFA,2019-12-16,cash_distribution,0.776,2026-10-10T01:42:55.419695+00:00,yfinance-1.5.2:2026-10-10T01:42:55.419695+00:00
yahoo-ticker:EWJ,EWJ,2019-12-16,cash_distribution,0.716,2026-10-10T01:42:55.842554+00:00,yfinance-1.5.2:2026-10-10T01:42:55.842554+00:00
yahoo-ticker:IWM,IWM,2019-12-16,cash_distribution,0.597,2026-10-10T01:42:57.484124+00:00,yfinance-1.5.2:2026-10-10T01:42:57.484124+00:00
yahoo-ticker:VNQ,VNQ,2019-12-18,cash_distribution,0.957,2026-10-10T01:43:02.060468+00:00,yfinance-1.5.2:2026-10-10T01:43:02.060468+00:00
yahoo-ticker:HYG,HYG,2019-12-19,cash_distribution,0.314,2026-10-10T01:42:56.450321+00:00,yfinance-1.5.2:2026-10-10T01:42:56.450321+00:00
yahoo-ticker:IEF,IEF,2019-12-19,cash_distribution,0.156,2026-10-10T01:42:57.071590+00:00,yfinance-1.5.2:2026-10-10T01:42:57.071590+00:00
yahoo-ticker:LQD,LQD,2019-12-19,cash_distribution,0.336,2026-10-10T01:42:57.875026+00:00,yfinance-1.5.2:2026-10-10T01:42:57.875026+00:00
yahoo-ticker:MBB,MBB,2019-12-19,cash_distribution,0.056,2026-10-10T01:42:58.253414+00:00,yfinance-1.5.2:2026-10-10T01:42:58.253414+00:00
yahoo-ticker:SHY,SHY,2019-12-19,cash_distribution,0.137,2026-10-10T01:42:59.247733+00:00,yfinance-1.5.2:2026-10-10T01:42:59.247733+00:00
yahoo-ticker:TIP,TIP,2019-12-19,cash_distribution,0.109,2026-10-10T01:43:00.393852+00:00,yfinance-1.5.2:2026-10-10T01:43:00.393852+00:00
yahoo-ticker:TLT,TLT,2019-12-19,cash_distribution,0.218,2026-10-10T01:43:00.768241+00:00,yfinance-1.5.2:2026-10-10T01:43:00.768241+00:00
yahoo-ticker:BIL,BIL,2019-12-20,cash_distribution,0.115,2026-10-10T01:42:54.346149+00:00,yfinance-1.5.2:2026-10-10T01:42:54.346149+00:00
yahoo-ticker:SPY,SPY,2019-12-20,cash_distribution,1.57,2026-10-10T01:42:59.974995+00:00,yfinance-1.5.2:2026-10-10T01:42:59.974995+00:00
yahoo-ticker:XLB,XLB,2019-12-20,cash_distribution,0.167,2026-10-10T01:43:03.569166+00:00,yfinance-1.5.2:2026-10-10T01:43:03.569166+00:00
yahoo-ticker:XLE,XLE,2019-12-20,cash_distribution,0.2965,2026-10-10T01:43:04.018451+00:00,yfinance-1.5.2:2026-10-10T01:43:04.018451+00:00
yahoo-ticker:XLF,XLF,2019-12-20,cash_distribution,0.156,2026-10-10T01:43:04.466526+00:00,yfinance-1.5.2:2026-10-10T01:43:04.466526+00:00
yahoo-ticker:XLI,XLI,2019-12-20,cash_distribution,0.403,2026-10-10T01:43:04.894763+00:00,yfinance-1.5.2:2026-10-10T01:43:04.894763+00:00
yahoo-ticker:XLK,XLK,2019-12-20,cash_distribution,0.1475,2026-10-10T01:43:05.330588+00:00,yfinance-1.5.2:2026-10-10T01:43:05.330588+00:00
yahoo-ticker:XLP,XLP,2019-12-20,cash_distribution,0.513,2026-10-10T01:43:05.749242+00:00,yfinance-1.5.2:2026-10-10T01:43:05.749242+00:00
yahoo-ticker:XLU,XLU,2019-12-20,cash_distribution,0.2505,2026-10-10T01:43:06.185048+00:00,yfinance-1.5.2:2026-10-10T01:43:06.185048+00:00
yahoo-ticker:XLV,XLV,2019-12-20,cash_distribution,0.422,2026-10-10T01:43:06.570262+00:00,yfinance-1.5.2:2026-10-10T01:43:06.570262+00:00
yahoo-ticker:XLY,XLY,2019-12-20,cash_distribution,0.205,2026-10-10T01:43:07.010195+00:00,yfinance-1.5.2:2026-10-10T01:43:07.010195+00:00
yahoo-ticker:DBA,DBA,2019-12-23,cash_distribution,0.257,2026-10-10T01:42:54.687713+00:00,yfinance-1.5.2:2026-10-10T01:42:54.687713+00:00
yahoo-ticker:PDBC,PDBC,2019-12-23,cash_distribution,0.232,2026-10-10T01:42:58.484360+00:00,yfinance-1.5.2:2026-10-10T01:42:58.484360+00:00
yahoo-ticker:QQQ,QQQ,2019-12-23,cash_distribution,0.458,2026-10-10T01:42:58.808927+00:00,yfinance-1.5.2:2026-10-10T01:42:58.808927+00:00
yahoo-ticker:UUP,UUP,2019-12-23,cash_distribution,0.526,2026-10-10T01:43:01.392906+00:00,yfinance-1.5.2:2026-10-10T01:43:01.392906+00:00
yahoo-ticker:VEA,VEA,2019-12-23,cash_distribution,0.44,2026-10-10T01:43:01.730564+00:00,yfinance-1.5.2:2026-10-10T01:43:01.730564+00:00
yahoo-ticker:VWO,VWO,2019-12-23,cash_distribution,0.559,2026-10-10T01:43:03.149780+00:00,yfinance-1.5.2:2026-10-10T01:43:03.149780+00:00
yahoo-ticker:VTV,VTV,2019-12-24,cash_distribution,0.909,2026-10-10T01:43:02.424133+00:00,yfinance-1.5.2:2026-10-10T01:43:02.424133+00:00
yahoo-ticker:VUG,VUG,2019-12-24,cash_distribution,0.084667,2026-10-10T01:43:02.762619+00:00,yfinance-1.5.2:2026-10-10T01:43:02.762619+00:00
yahoo-ticker:XLE,XLE,2019-12-30,cash_distribution,0.8955,2026-10-10T01:43:04.018451+00:00,yfinance-1.5.2:2026-10-10T01:43:04.018451+00:00
yahoo-ticker:XLV,XLV,2019-12-30,cash_distribution,0.666,2026-10-10T01:43:06.570262+00:00,yfinance-1.5.2:2026-10-10T01:43:06.570262+00:00
yahoo-ticker:BIL,BIL,2020-02-03,cash_distribution,0.108,2026-10-10T01:42:54.346149+00:00,yfinance-1.5.2:2026-10-10T01:42:54.346149+00:00
yahoo-ticker:HYG,HYG,2020-02-03,cash_distribution,0.366,2026-10-10T01:42:56.450321+00:00,yfinance-1.5.2:2026-10-10T01:42:56.450321+00:00
yahoo-ticker:IEF,IEF,2020-02-03,cash_distribution,0.153,2026-10-10T01:42:57.071590+00:00,yfinance-1.5.2:2026-10-10T01:42:57.071590+00:00
yahoo-ticker:LQD,LQD,2020-02-03,cash_distribution,0.337,2026-10-10T01:42:57.875026+00:00,yfinance-1.5.2:2026-10-10T01:42:57.875026+00:00
yahoo-ticker:MBB,MBB,2020-02-03,cash_distribution,0.256,2026-10-10T01:42:58.253414+00:00,yfinance-1.5.2:2026-10-10T01:42:58.253414+00:00
yahoo-ticker:SHY,SHY,2020-02-03,cash_distribution,0.135,2026-10-10T01:42:59.247733+00:00,yfinance-1.5.2:2026-10-10T01:42:59.247733+00:00
yahoo-ticker:TIP,TIP,2020-02-03,cash_distribution,0.127,2026-10-10T01:43:00.393852+00:00,yfinance-1.5.2:2026-10-10T01:43:00.393852+00:00
yahoo-ticker:TLT,TLT,2020-02-03,cash_distribution,0.242,2026-10-10T01:43:00.768241+00:00,yfinance-1.5.2:2026-10-10T01:43:00.768241+00:00
yahoo-ticker:BIL,BIL,2020-03-02,cash_distribution,0.097,2026-10-10T01:42:54.346149+00:00,yfinance-1.5.2:2026-10-10T01:42:54.346149+00:00
yahoo-ticker:HYG,HYG,2020-03-02,cash_distribution,0.38,2026-10-10T01:42:56.450321+00:00,yfinance-1.5.2:2026-10-10T01:42:56.450321+00:00
yahoo-ticker:IEF,IEF,2020-03-02,cash_distribution,0.14,2026-10-10T01:42:57.071590+00:00,yfinance-1.5.2:2026-10-10T01:42:57.071590+00:00
yahoo-ticker:LQD,LQD,2020-03-02,cash_distribution,0.349,2026-10-10T01:42:57.875026+00:00,yfinance-1.5.2:2026-10-10T01:42:57.875026+00:00
yahoo-ticker:MBB,MBB,2020-03-02,cash_distribution,0.235,2026-10-10T01:42:58.253414+00:00,yfinance-1.5.2:2026-10-10T01:42:58.253414+00:00
yahoo-ticker:SHY,SHY,2020-03-02,cash_distribution,0.125,2026-10-10T01:42:59.247733+00:00,yfinance-1.5.2:2026-10-10T01:42:59.247733+00:00
yahoo-ticker:TLT,TLT,2020-03-02,cash_distribution,0.229,2026-10-10T01:43:00.768241+00:00,yfinance-1.5.2:2026-10-10T01:43:00.768241+00:00
yahoo-ticker:VNQ,VNQ,2020-03-10,cash_distribution,0.648,2026-10-10T01:43:02.060468+00:00,yfinance-1.5.2:2026-10-10T01:43:02.060468+00:00
yahoo-ticker:SPY,SPY,2020-03-20,cash_distribution,1.406,2026-10-10T01:42:59.974995+00:00,yfinance-1.5.2:2026-10-10T01:42:59.974995+00:00
yahoo-ticker:QQQ,QQQ,2020-03-23,cash_distribution,0.363,2026-10-10T01:42:58.808927+00:00,yfinance-1.5.2:2026-10-10T01:42:58.808927+00:00
yahoo-ticker:VEA,VEA,2020-03-23,cash_distribution,0.131,2026-10-10T01:43:01.730564+00:00,yfinance-1.5.2:2026-10-10T01:43:01.730564+00:00
yahoo-ticker:VWO,VWO,2020-03-23,cash_distribution,0.058,2026-10-10T01:43:03.149780+00:00,yfinance-1.5.2:2026-10-10T01:43:03.149780+00:00
yahoo-ticker:XLB,XLB,2020-03-23,cash_distribution,0.135,2026-10-10T01:43:03.569166+00:00,yfinance-1.5.2:2026-10-10T01:43:03.569166+00:00
yahoo-ticker:XLE,XLE,2020-03-23,cash_distribution,0.283,2026-10-10T01:43:04.018451+00:00,yfinance-1.5.2:2026-10-10T01:43:04.018451+00:00
yahoo-ticker:XLF,XLF,2020-03-23,cash_distribution,0.159,2026-10-10T01:43:04.466526+00:00,yfinance-1.5.2:2026-10-10T01:43:04.466526+00:00
yahoo-ticker:XLI,XLI,2020-03-23,cash_distribution,0.396,2026-10-10T01:43:04.894763+00:00,yfinance-1.5.2:2026-10-10T01:43:04.894763+00:00
yahoo-ticker:XLK,XLK,2020-03-23,cash_distribution,0.1855,2026-10-10T01:43:05.330588+00:00,yfinance-1.5.2:2026-10-10T01:43:05.330588+00:00
yahoo-ticker:XLP,XLP,2020-03-23,cash_distribution,0.287,2026-10-10T01:43:05.749242+00:00,yfinance-1.5.2:2026-10-10T01:43:05.749242+00:00
yahoo-ticker:XLU,XLU,2020-03-23,cash_distribution,0.237,2026-10-10T01:43:06.185048+00:00,yfinance-1.5.2:2026-10-10T01:43:06.185048+00:00
yahoo-ticker:XLV,XLV,2020-03-23,cash_distribution,0.382,2026-10-10T01:43:06.570262+00:00,yfinance-1.5.2:2026-10-10T01:43:06.570262+00:00
yahoo-ticker:XLY,XLY,2020-03-23,cash_distribution,0.212,2026-10-10T01:43:07.010195+00:00,yfinance-1.5.2:2026-10-10T01:43:07.010195+00:00
yahoo-ticker:IWM,IWM,2020-03-25,cash_distribution,0.42,2026-10-10T01:42:57.484124+00:00,yfinance-1.5.2:2026-10-10T01:42:57.484124+00:00
yahoo-ticker:VTV,VTV,2020-03-26,cash_distribution,0.761,2026-10-10T01:43:02.424133+00:00,yfinance-1.5.2:2026-10-10T01:43:02.424133+00:00
yahoo-ticker:VUG,VUG,2020-03-26,cash_distribution,0.066333,2026-10-10T01:43:02.762619+00:00,yfinance-1.5.2:2026-10-10T01:43:02.762619+00:00
yahoo-ticker:BIL,BIL,2020-04-01,cash_distribution,0.052,2026-10-10T01:42:54.346149+00:00,yfinance-1.5.2:2026-10-10T01:42:54.346149+00:00
yahoo-ticker:HYG,HYG,2020-04-01,cash_distribution,0.385,2026-10-10T01:42:56.450321+00:00,yfinance-1.5.2:2026-10-10T01:42:56.450321+00:00
yahoo-ticker:IEF,IEF,2020-04-01,cash_distribution,0.144,2026-10-10T01:42:57.071590+00:00,yfinance-1.5.2:2026-10-10T01:42:57.071590+00:00
yahoo-ticker:LQD,LQD,2020-04-01,cash_distribution,0.31,2026-10-10T01:42:57.875026+00:00,yfinance-1.5.2:2026-10-10T01:42:57.875026+00:00
yahoo-ticker:MBB,MBB,2020-04-01,cash_distribution,0.231,2026-10-10T01:42:58.253414+00:00,yfinance-1.5.2:2026-10-10T01:42:58.253414+00:00
yahoo-ticker:SHY,SHY,2020-04-01,cash_distribution,0.106,2026-10-10T01:42:59.247733+00:00,yfinance-1.5.2:2026-10-10T01:42:59.247733+00:00
yahoo-ticker:TIP,TIP,2020-04-01,cash_distribution,0.176,2026-10-10T01:43:00.393852+00:00,yfinance-1.5.2:2026-10-10T01:43:00.393852+00:00
yahoo-ticker:TLT,TLT,2020-04-01,cash_distribution,0.238,2026-10-10T01:43:00.768241+00:00,yfinance-1.5.2:2026-10-10T01:43:00.768241+00:00
yahoo-ticker:USO,USO,2020-04-29,stock_split,0.125,2026-10-10T01:43:01.076299+00:00,yfinance-1.5.2:2026-10-10T01:43:01.076299+00:00
yahoo-ticker:BIL,BIL,2020-05-01,cash_distribution,0.014,2026-10-10T01:42:54.346149+00:00,yfinance-1.5.2:2026-10-10T01:42:54.346149+00:00
yahoo-ticker:HYG,HYG,2020-05-01,cash_distribution,0.369,2026-10-10T01:42:56.450321+00:00,yfinance-1.5.2:2026-10-10T01:42:56.450321+00:00
yahoo-ticker:IEF,IEF,2020-05-01,cash_distribution,0.128,2026-10-10T01:42:57.071590+00:00,yfinance-1.5.2:2026-10-10T01:42:57.071590+00:00
yahoo-ticker:LQD,LQD,2020-05-01,cash_distribution,0.32,2026-10-10T01:42:57.875026+00:00,yfinance-1.5.2:2026-10-10T01:42:57.875026+00:00
yahoo-ticker:MBB,MBB,2020-05-01,cash_distribution,0.218,2026-10-10T01:42:58.253414+00:00,yfinance-1.5.2:2026-10-10T01:42:58.253414+00:00
yahoo-ticker:SHY,SHY,2020-05-01,cash_distribution,0.072,2026-10-10T01:42:59.247733+00:00,yfinance-1.5.2:2026-10-10T01:42:59.247733+00:00
yahoo-ticker:TIP,TIP,2020-05-01,cash_distribution,0.298,2026-10-10T01:43:00.393852+00:00,yfinance-1.5.2:2026-10-10T01:43:00.393852+00:00
yahoo-ticker:TLT,TLT,2020-05-01,cash_distribution,0.216,2026-10-10T01:43:00.768241+00:00,yfinance-1.5.2:2026-10-10T01:43:00.768241+00:00
yahoo-ticker:HYG,HYG,2020-06-01,cash_distribution,0.321,2026-10-10T01:42:56.450321+00:00,yfinance-1.5.2:2026-10-10T01:42:56.450321+00:00
yahoo-ticker:IEF,IEF,2020-06-01,cash_distribution,0.122,2026-10-10T01:42:57.071590+00:00,yfinance-1.5.2:2026-10-10T01:42:57.071590+00:00
yahoo-ticker:LQD,LQD,2020-06-01,cash_distribution,0.322,2026-10-10T01:42:57.875026+00:00,yfinance-1.5.2:2026-10-10T01:42:57.875026+00:00
yahoo-ticker:MBB,MBB,2020-06-01,cash_distribution,0.201,2026-10-10T01:42:58.253414+00:00,yfinance-1.5.2:2026-10-10T01:42:58.253414+00:00
yahoo-ticker:SHY,SHY,2020-06-01,cash_distribution,0.07,2026-10-10T01:42:59.247733+00:00,yfinance-1.5.2:2026-10-10T01:42:59.247733+00:00
yahoo-ticker:TLT,TLT,2020-06-01,cash_distribution,0.21,2026-10-10T01:43:00.768241+00:00,yfinance-1.5.2:2026-10-10T01:43:00.768241+00:00
yahoo-ticker:EEM,EEM,2020-06-15,cash_distribution,0.23,2026-10-10T01:42:55.050042+00:00,yfinance-1.5.2:2026-10-10T01:42:55.050042+00:00
yahoo-ticker:EFA,EFA,2020-06-15,cash_distribution,0.858,2026-10-10T01:42:55.419695+00:00,yfinance-1.5.2:2026-10-10T01:42:55.419695+00:00
yahoo-ticker:EWJ,EWJ,2020-06-15,cash_distribution,0.442,2026-10-10T01:42:55.842554+00:00,yfinance-1.5.2:2026-10-10T01:42:55.842554+00:00
yahoo-ticker:IWM,IWM,2020-06-15,cash_distribution,0.466,2026-10-10T01:42:57.484124+00:00,yfinance-1.5.2:2026-10-10T01:42:57.484124+00:00
yahoo-ticker:SPY,SPY,2020-06-19,cash_distribution,1.366,2026-10-10T01:42:59.974995+00:00,yfinance-1.5.2:2026-10-10T01:42:59.974995+00:00
yahoo-ticker:QQQ,QQQ,2020-06-22,cash_distribution,0.424,2026-10-10T01:42:58.808927+00:00,yfinance-1.5.2:2026-10-10T01:42:58.808927+00:00
yahoo-ticker:VEA,VEA,2020-06-22,cash_distribution,0.198,2026-10-10T01:43:01.730564+00:00,yfinance-1.5.2:2026-10-10T01:43:01.730564+00:00
yahoo-ticker:VWO,VWO,2020-06-22,cash_distribution,0.17,2026-10-10T01:43:03.149780+00:00,yfinance-1.5.2:2026-10-10T01:43:03.149780+00:00
yahoo-ticker:XLB,XLB,2020-06-22,cash_distribution,0.1535,2026-10-10T01:43:03.569166+00:00,yfinance-1.5.2:2026-10-10T01:43:03.569166+00:00
yahoo-ticker:XLE,XLE,2020-06-22,cash_distribution,0.2505,2026-10-10T01:43:04.018451+00:00,yfinance-1.5.2:2026-10-10T01:43:04.018451+00:00
yahoo-ticker:XLF,XLF,2020-06-22,cash_distribution,0.152,2026-10-10T01:43:04.466526+00:00,yfinance-1.5.2:2026-10-10T01:43:04.466526+00:00
yahoo-ticker:XLI,XLI,2020-06-22,cash_distribution,0.306,2026-10-10T01:43:04.894763+00:00,yfinance-1.5.2:2026-10-10T01:43:04.894763+00:00
yahoo-ticker:XLK,XLK,2020-06-22,cash_distribution,0.1405,2026-10-10T01:43:05.330588+00:00,yfinance-1.5.2:2026-10-10T01:43:05.330588+00:00
yahoo-ticker:XLP,XLP,2020-06-22,cash_distribution,0.461,2026-10-10T01:43:05.749242+00:00,yfinance-1.5.2:2026-10-10T01:43:05.749242+00:00
yahoo-ticker:XLU,XLU,2020-06-22,cash_distribution,0.238,2026-10-10T01:43:06.185048+00:00,yfinance-1.5.2:2026-10-10T01:43:06.185048+00:00
yahoo-ticker:XLV,XLV,2020-06-22,cash_distribution,0.425,2026-10-10T01:43:06.570262+00:00,yfinance-1.5.2:2026-10-10T01:43:06.570262+00:00
yahoo-ticker:XLY,XLY,2020-06-22,cash_distribution,0.148,2026-10-10T01:43:07.010195+00:00,yfinance-1.5.2:2026-10-10T01:43:07.010195+00:00
yahoo-ticker:VNQ,VNQ,2020-06-25,cash_distribution,0.759,2026-10-10T01:43:02.060468+00:00,yfinance-1.5.2:2026-10-10T01:43:02.060468+00:00
yahoo-ticker:VTV,VTV,2020-06-25,cash_distribution,0.774,2026-10-10T01:43:02.424133+00:00,yfinance-1.5.2:2026-10-10T01:43:02.424133+00:00
yahoo-ticker:VUG,VUG,2020-06-25,cash_distribution,0.069833,2026-10-10T01:43:02.762619+00:00,yfinance-1.5.2:2026-10-10T01:43:02.762619+00:00
yahoo-ticker:HYG,HYG,2020-07-01,cash_distribution,0.343,2026-10-10T01:42:56.450321+00:00,yfinance-1.5.2:2026-10-10T01:42:56.450321+00:00
yahoo-ticker:IEF,IEF,2020-07-01,cash_distribution,0.11,2026-10-10T01:42:57.071590+00:00,yfinance-1.5.2:2026-10-10T01:42:57.071590+00:00
yahoo-ticker:LQD,LQD,2020-07-01,cash_distribution,0.31,2026-10-10T01:42:57.875026+00:00,yfinance-1.5.2:2026-10-10T01:42:57.875026+00:00
yahoo-ticker:MBB,MBB,2020-07-01,cash_distribution,0.199,2026-10-10T01:42:58.253414+00:00,yfinance-1.5.2:2026-10-10T01:42:58.253414+00:00
yahoo-ticker:SHY,SHY,2020-07-01,cash_distribution,0.061,2026-10-10T01:42:59.247733+00:00,yfinance-1.5.2:2026-10-10T01:42:59.247733+00:00
yahoo-ticker:TLT,TLT,2020-07-01,cash_distribution,0.192,2026-10-10T01:43:00.768241+00:00,yfinance-1.5.2:2026-10-10T01:43:00.768241+00:00
yahoo-ticker:HYG,HYG,2020-08-03,cash_distribution,0.341,2026-10-10T01:42:56.450321+00:00,yfinance-1.5.2:2026-10-10T01:42:56.450321+00:00
yahoo-ticker:IEF,IEF,2020-08-03,cash_distribution,0.1,2026-10-10T01:42:57.071590+00:00,yfinance-1.5.2:2026-10-10T01:42:57.071590+00:00
yahoo-ticker:LQD,LQD,2020-08-03,cash_distribution,0.295,2026-10-10T01:42:57.875026+00:00,yfinance-1.5.2:2026-10-10T01:42:57.875026+00:00
yahoo-ticker:MBB,MBB,2020-08-03,cash_distribution,0.2,2026-10-10T01:42:58.253414+00:00,yfinance-1.5.2:2026-10-10T01:42:58.253414+00:00
yahoo-ticker:SHY,SHY,2020-08-03,cash_distribution,0.05,2026-10-10T01:42:59.247733+00:00,yfinance-1.5.2:2026-10-10T01:42:59.247733+00:00
yahoo-ticker:TLT,TLT,2020-08-03,cash_distribution,0.19,2026-10-10T01:43:00.768241+00:00,yfinance-1.5.2:2026-10-10T01:43:00.768241+00:00
yahoo-ticker:HYG,HYG,2020-09-01,cash_distribution,0.341,2026-10-10T01:42:56.450321+00:00,yfinance-1.5.2:2026-10-10T01:42:56.450321+00:00
yahoo-ticker:IEF,IEF,2020-09-01,cash_distribution,0.088,2026-10-10T01:42:57.071590+00:00,yfinance-1.5.2:2026-10-10T01:42:57.071590+00:00
yahoo-ticker:LQD,LQD,2020-09-01,cash_distribution,0.295,2026-10-10T01:42:57.875026+00:00,yfinance-1.5.2:2026-10-10T01:42:57.875026+00:00
yahoo-ticker:MBB,MBB,2020-09-01,cash_distribution,0.192,2026-10-10T01:42:58.253414+00:00,yfinance-1.5.2:2026-10-10T01:42:58.253414+00:00
yahoo-ticker:SHY,SHY,2020-09-01,cash_distribution,0.049,2026-10-10T01:42:59.247733+00:00,yfinance-1.5.2:2026-10-10T01:42:59.247733+00:00
yahoo-ticker:TLT,TLT,2020-09-01,cash_distribution,0.183,2026-10-10T01:43:00.768241+00:00,yfinance-1.5.2:2026-10-10T01:43:00.768241+00:00
yahoo-ticker:SPY,SPY,2020-09-18,cash_distribution,1.339,2026-10-10T01:42:59.974995+00:00,yfinance-1.5.2:2026-10-10T01:42:59.974995+00:00
yahoo-ticker:VEA,VEA,2020-09-21,cash_distribution,0.221,2026-10-10T01:43:01.730564+00:00,yfinance-1.5.2:2026-10-10T01:43:01.730564+00:00
yahoo-ticker:VWO,VWO,2020-09-21,cash_distribution,0.426,2026-10-10T01:43:03.149780+00:00,yfinance-1.5.2:2026-10-10T01:43:03.149780+00:00
yahoo-ticker:XLB,XLB,2020-09-21,cash_distribution,0.154,2026-10-10T01:43:03.569166+00:00,yfinance-1.5.2:2026-10-10T01:43:03.569166+00:00
yahoo-ticker:XLE,XLE,2020-09-21,cash_distribution,0.272,2026-10-10T01:43:04.018451+00:00,yfinance-1.5.2:2026-10-10T01:43:04.018451+00:00
yahoo-ticker:XLF,XLF,2020-09-21,cash_distribution,0.135,2026-10-10T01:43:04.466526+00:00,yfinance-1.5.2:2026-10-10T01:43:04.466526+00:00
yahoo-ticker:XLI,XLI,2020-09-21,cash_distribution,0.305,2026-10-10T01:43:04.894763+00:00,yfinance-1.5.2:2026-10-10T01:43:04.894763+00:00
yahoo-ticker:XLK,XLK,2020-09-21,cash_distribution,0.1235,2026-10-10T01:43:05.330588+00:00,yfinance-1.5.2:2026-10-10T01:43:05.330588+00:00
yahoo-ticker:XLP,XLP,2020-09-21,cash_distribution,0.377,2026-10-10T01:43:05.749242+00:00,yfinance-1.5.2:2026-10-10T01:43:05.749242+00:00
yahoo-ticker:XLU,XLU,2020-09-21,cash_distribution,0.2495,2026-10-10T01:43:06.185048+00:00,yfinance-1.5.2:2026-10-10T01:43:06.185048+00:00
yahoo-ticker:XLV,XLV,2020-09-21,cash_distribution,0.418,2026-10-10T01:43:06.570262+00:00,yfinance-1.5.2:2026-10-10T01:43:06.570262+00:00
yahoo-ticker:XLY,XLY,2020-09-21,cash_distribution,0.153,2026-10-10T01:43:07.010195+00:00,yfinance-1.5.2:2026-10-10T01:43:07.010195+00:00
yahoo-ticker:IWM,IWM,2020-09-23,cash_distribution,0.566,2026-10-10T01:42:57.484124+00:00,yfinance-1.5.2:2026-10-10T01:42:57.484124+00:00
yahoo-ticker:VNQ,VNQ,2020-09-25,cash_distribution,0.59,2026-10-10T01:43:02.060468+00:00,yfinance-1.5.2:2026-10-10T01:43:02.060468+00:00
yahoo-ticker:VTV,VTV,2020-09-25,cash_distribution,0.716,2026-10-10T01:43:02.424133+00:00,yfinance-1.5.2:2026-10-10T01:43:02.424133+00:00
yahoo-ticker:VUG,VUG,2020-09-25,cash_distribution,0.067667,2026-10-10T01:43:02.762619+00:00,yfinance-1.5.2:2026-10-10T01:43:02.762619+00:00
yahoo-ticker:HYG,HYG,2020-10-01,cash_distribution,0.357,2026-10-10T01:42:56.450321+00:00,yfinance-1.5.2:2026-10-10T01:42:56.450321+00:00
yahoo-ticker:IEF,IEF,2020-10-01,cash_distribution,0.079,2026-10-10T01:42:57.071590+00:00,yfinance-1.5.2:2026-10-10T01:42:57.071590+00:00
yahoo-ticker:LQD,LQD,2020-10-01,cash_distribution,0.294,2026-10-10T01:42:57.875026+00:00,yfinance-1.5.2:2026-10-10T01:42:57.875026+00:00
yahoo-ticker:MBB,MBB,2020-10-01,cash_distribution,0.191,2026-10-10T01:42:58.253414+00:00,yfinance-1.5.2:2026-10-10T01:42:58.253414+00:00
yahoo-ticker:SHY,SHY,2020-10-01,cash_distribution,0.04,2026-10-10T01:42:59.247733+00:00,yfinance-1.5.2:2026-10-10T01:42:59.247733+00:00
yahoo-ticker:TIP,TIP,2020-10-01,cash_distribution,0.417,2026-10-10T01:43:00.393852+00:00,yfinance-1.5.2:2026-10-10T01:43:00.393852+00:00
yahoo-ticker:TLT,TLT,2020-10-01,cash_distribution,0.169,2026-10-10T01:43:00.768241+00:00,yfinance-1.5.2:2026-10-10T01:43:00.768241+00:00
yahoo-ticker:HYG,HYG,2020-11-02,cash_distribution,0.359,2026-10-10T01:42:56.450321+00:00,yfinance-1.5.2:2026-10-10T01:42:56.450321+00:00
yahoo-ticker:IEF,IEF,2020-11-02,cash_distribution,0.076,2026-10-10T01:42:57.071590+00:00,yfinance-1.5.2:2026-10-10T01:42:57.071590+00:00
yahoo-ticker:LQD,LQD,2020-11-02,cash_distribution,0.283,2026-10-10T01:42:57.875026+00:00,yfinance-1.5.2:2026-10-10T01:42:57.875026+00:00
yahoo-ticker:MBB,MBB,2020-11-02,cash_distribution,0.191,2026-10-10T01:42:58.253414+00:00,yfinance-1.5.2:2026-10-10T01:42:58.253414+00:00
yahoo-ticker:SHY,SHY,2020-11-02,cash_distribution,0.039,2026-10-10T01:42:59.247733+00:00,yfinance-1.5.2:2026-10-10T01:42:59.247733+00:00
yahoo-ticker:TIP,TIP,2020-11-02,cash_distribution,0.318,2026-10-10T01:43:00.393852+00:00,yfinance-1.5.2:2026-10-10T01:43:00.393852+00:00
yahoo-ticker:TLT,TLT,2020-11-02,cash_distribution,0.169,2026-10-10T01:43:00.768241+00:00,yfinance-1.5.2:2026-10-10T01:43:00.768241+00:00
yahoo-ticker:BIL,BIL,2020-12-01,cash_distribution,0.003,2026-10-10T01:42:54.346149+00:00,yfinance-1.5.2:2026-10-10T01:42:54.346149+00:00
yahoo-ticker:HYG,HYG,2020-12-01,cash_distribution,0.341,2026-10-10T01:42:56.450321+00:00,yfinance-1.5.2:2026-10-10T01:42:56.450321+00:00
yahoo-ticker:IEF,IEF,2020-12-01,cash_distribution,0.08,2026-10-10T01:42:57.071590+00:00,yfinance-1.5.2:2026-10-10T01:42:57.071590+00:00
yahoo-ticker:LQD,LQD,2020-12-01,cash_distribution,0.276,2026-10-10T01:42:57.875026+00:00,yfinance-1.5.2:2026-10-10T01:42:57.875026+00:00
yahoo-ticker:MBB,MBB,2020-12-01,cash_distribution,0.199,2026-10-10T01:42:58.253414+00:00,yfinance-1.5.2:2026-10-10T01:42:58.253414+00:00
yahoo-ticker:SHY,SHY,2020-12-01,cash_distribution,0.033,2026-10-10T01:42:59.247733+00:00,yfinance-1.5.2:2026-10-10T01:42:59.247733+00:00
yahoo-ticker:TIP,TIP,2020-12-01,cash_distribution,0.133,2026-10-10T01:43:00.393852+00:00,yfinance-1.5.2:2026-10-10T01:43:00.393852+00:00
yahoo-ticker:TLT,TLT,2020-12-01,cash_distribution,0.163,2026-10-10T01:43:00.768241+00:00,yfinance-1.5.2:2026-10-10T01:43:00.768241+00:00
yahoo-ticker:EEM,EEM,2020-12-14,cash_distribution,0.519,2026-10-10T01:42:55.050042+00:00,yfinance-1.5.2:2026-10-10T01:42:55.050042+00:00
yahoo-ticker:EFA,EFA,2020-12-14,cash_distribution,0.694,2026-10-10T01:42:55.419695+00:00,yfinance-1.5.2:2026-10-10T01:42:55.419695+00:00
yahoo-ticker:EWJ,EWJ,2020-12-14,cash_distribution,0.258,2026-10-10T01:42:55.842554+00:00,yfinance-1.5.2:2026-10-10T01:42:55.842554+00:00
yahoo-ticker:IWM,IWM,2020-12-14,cash_distribution,0.592,2026-10-10T01:42:57.484124+00:00,yfinance-1.5.2:2026-10-10T01:42:57.484124+00:00
yahoo-ticker:HYG,HYG,2020-12-17,cash_distribution,0.359,2026-10-10T01:42:56.450321+00:00,yfinance-1.5.2:2026-10-10T01:42:56.450321+00:00
yahoo-ticker:IEF,IEF,2020-12-17,cash_distribution,0.073,2026-10-10T01:42:57.071590+00:00,yfinance-1.5.2:2026-10-10T01:42:57.071590+00:00
yahoo-ticker:LQD,LQD,2020-12-17,cash_distribution,0.28,2026-10-10T01:42:57.875026+00:00,yfinance-1.5.2:2026-10-10T01:42:57.875026+00:00
yahoo-ticker:SHY,SHY,2020-12-17,cash_distribution,0.032,2026-10-10T01:42:59.247733+00:00,yfinance-1.5.2:2026-10-10T01:42:59.247733+00:00
yahoo-ticker:TIP,TIP,2020-12-17,cash_distribution,0.023,2026-10-10T01:43:00.393852+00:00,yfinance-1.5.2:2026-10-10T01:43:00.393852+00:00
yahoo-ticker:TLT,TLT,2020-12-17,cash_distribution,0.164,2026-10-10T01:43:00.768241+00:00,yfinance-1.5.2:2026-10-10T01:43:00.768241+00:00
yahoo-ticker:SPY,SPY,2020-12-18,cash_distribution,1.58,2026-10-10T01:42:59.974995+00:00,yfinance-1.5.2:2026-10-10T01:42:59.974995+00:00
yahoo-ticker:PDBC,PDBC,2020-12-21,cash_distribution,0.001,2026-10-10T01:42:58.484360+00:00,yfinance-1.5.2:2026-10-10T01:42:58.484360+00:00
yahoo-ticker:QQQ,QQQ,2020-12-21,cash_distribution,0.561,2026-10-10T01:42:58.808927+00:00,yfinance-1.5.2:2026-10-10T01:42:58.808927+00:00
yahoo-ticker:VEA,VEA,2020-12-21,cash_distribution,0.415,2026-10-10T01:43:01.730564+00:00,yfinance-1.5.2:2026-10-10T01:43:01.730564+00:00
yahoo-ticker:VWO,VWO,2020-12-21,cash_distribution,0.301,2026-10-10T01:43:03.149780+00:00,yfinance-1.5.2:2026-10-10T01:43:03.149780+00:00
yahoo-ticker:XLB,XLB,2020-12-21,cash_distribution,0.1795,2026-10-10T01:43:03.569166+00:00,yfinance-1.5.2:2026-10-10T01:43:03.569166+00:00
yahoo-ticker:XLE,XLE,2020-12-21,cash_distribution,0.26,2026-10-10T01:43:04.018451+00:00,yfinance-1.5.2:2026-10-10T01:43:04.018451+00:00
yahoo-ticker:XLF,XLF,2020-12-21,cash_distribution,0.152,2026-10-10T01:43:04.466526+00:00,yfinance-1.5.2:2026-10-10T01:43:04.466526+00:00
yahoo-ticker:XLI,XLI,2020-12-21,cash_distribution,0.366,2026-10-10T01:43:04.894763+00:00,yfinance-1.5.2:2026-10-10T01:43:04.894763+00:00
yahoo-ticker:XLK,XLK,2020-12-21,cash_distribution,0.149,2026-10-10T01:43:05.330588+00:00,yfinance-1.5.2:2026-10-10T01:43:05.330588+00:00
yahoo-ticker:XLP,XLP,2020-12-21,cash_distribution,0.564,2026-10-10T01:43:05.749242+00:00,yfinance-1.5.2:2026-10-10T01:43:05.749242+00:00
yahoo-ticker:XLU,XLU,2020-12-21,cash_distribution,0.261,2026-10-10T01:43:06.185048+00:00,yfinance-1.5.2:2026-10-10T01:43:06.185048+00:00
yahoo-ticker:XLV,XLV,2020-12-21,cash_distribution,0.464,2026-10-10T01:43:06.570262+00:00,yfinance-1.5.2:2026-10-10T01:43:06.570262+00:00
yahoo-ticker:XLY,XLY,2020-12-21,cash_distribution,0.148,2026-10-10T01:43:07.010195+00:00,yfinance-1.5.2:2026-10-10T01:43:07.010195+00:00
yahoo-ticker:VNQ,VNQ,2020-12-24,cash_distribution,1.338,2026-10-10T01:43:02.060468+00:00,yfinance-1.5.2:2026-10-10T01:43:02.060468+00:00
yahoo-ticker:VTV,VTV,2020-12-24,cash_distribution,0.789,2026-10-10T01:43:02.424133+00:00,yfinance-1.5.2:2026-10-10T01:43:02.424133+00:00
yahoo-ticker:VUG,VUG,2020-12-24,cash_distribution,0.076833,2026-10-10T01:43:02.762619+00:00,yfinance-1.5.2:2026-10-10T01:43:02.762619+00:00
yahoo-ticker:HYG,HYG,2021-02-01,cash_distribution,0.318,2026-10-10T01:42:56.450321+00:00,yfinance-1.5.2:2026-10-10T01:42:56.450321+00:00
yahoo-ticker:IEF,IEF,2021-02-01,cash_distribution,0.078,2026-10-10T01:42:57.071590+00:00,yfinance-1.5.2:2026-10-10T01:42:57.071590+00:00
yahoo-ticker:LQD,LQD,2021-02-01,cash_distribution,0.267,2026-10-10T01:42:57.875026+00:00,yfinance-1.5.2:2026-10-10T01:42:57.875026+00:00
yahoo-ticker:MBB,MBB,2021-02-01,cash_distribution,0.192,2026-10-10T01:42:58.253414+00:00,yfinance-1.5.2:2026-10-10T01:42:58.253414+00:00
yahoo-ticker:SHY,SHY,2021-02-01,cash_distribution,0.03,2026-10-10T01:42:59.247733+00:00,yfinance-1.5.2:2026-10-10T01:42:59.247733+00:00
yahoo-ticker:TLT,TLT,2021-02-01,cash_distribution,0.176,2026-10-10T01:43:00.768241+00:00,yfinance-1.5.2:2026-10-10T01:43:00.768241+00:00
yahoo-ticker:HYG,HYG,2021-03-01,cash_distribution,0.307,2026-10-10T01:42:56.450321+00:00,yfinance-1.5.2:2026-10-10T01:42:56.450321+00:00
yahoo-ticker:IEF,IEF,2021-03-01,cash_distribution,0.07,2026-10-10T01:42:57.071590+00:00,yfinance-1.5.2:2026-10-10T01:42:57.071590+00:00
yahoo-ticker:LQD,LQD,2021-03-01,cash_distribution,0.269,2026-10-10T01:42:57.875026+00:00,yfinance-1.5.2:2026-10-10T01:42:57.875026+00:00
yahoo-ticker:MBB,MBB,2021-03-01,cash_distribution,0.196,2026-10-10T01:42:58.253414+00:00,yfinance-1.5.2:2026-10-10T01:42:58.253414+00:00
yahoo-ticker:SHY,SHY,2021-03-01,cash_distribution,0.022,2026-10-10T01:42:59.247733+00:00,yfinance-1.5.2:2026-10-10T01:42:59.247733+00:00
yahoo-ticker:TLT,TLT,2021-03-01,cash_distribution,0.172,2026-10-10T01:43:00.768241+00:00,yfinance-1.5.2:2026-10-10T01:43:00.768241+00:00
yahoo-ticker:SPY,SPY,2021-03-19,cash_distribution,1.278,2026-10-10T01:42:59.974995+00:00,yfinance-1.5.2:2026-10-10T01:42:59.974995+00:00
yahoo-ticker:QQQ,QQQ,2021-03-22,cash_distribution,0.395,2026-10-10T01:42:58.808927+00:00,yfinance-1.5.2:2026-10-10T01:42:58.808927+00:00
yahoo-ticker:VEA,VEA,2021-03-22,cash_distribution,0.231,2026-10-10T01:43:01.730564+00:00,yfinance-1.5.2:2026-10-10T01:43:01.730564+00:00
yahoo-ticker:VWO,VWO,2021-03-22,cash_distribution,0.068,2026-10-10T01:43:03.149780+00:00,yfinance-1.5.2:2026-10-10T01:43:03.149780+00:00
yahoo-ticker:XLB,XLB,2021-03-22,cash_distribution,0.164,2026-10-10T01:43:03.569166+00:00,yfinance-1.5.2:2026-10-10T01:43:03.569166+00:00
yahoo-ticker:XLE,XLE,2021-03-22,cash_distribution,0.26,2026-10-10T01:43:04.018451+00:00,yfinance-1.5.2:2026-10-10T01:43:04.018451+00:00
yahoo-ticker:XLF,XLF,2021-03-22,cash_distribution,0.151,2026-10-10T01:43:04.466526+00:00,yfinance-1.5.2:2026-10-10T01:43:04.466526+00:00
yahoo-ticker:XLI,XLI,2021-03-22,cash_distribution,0.296,2026-10-10T01:43:04.894763+00:00,yfinance-1.5.2:2026-10-10T01:43:04.894763+00:00
yahoo-ticker:XLK,XLK,2021-03-22,cash_distribution,0.1365,2026-10-10T01:43:05.330588+00:00,yfinance-1.5.2:2026-10-10T01:43:05.330588+00:00
yahoo-ticker:XLP,XLP,2021-03-22,cash_distribution,0.357,2026-10-10T01:43:05.749242+00:00,yfinance-1.5.2:2026-10-10T01:43:05.749242+00:00
yahoo-ticker:XLU,XLU,2021-03-22,cash_distribution,0.2305,2026-10-10T01:43:06.185048+00:00,yfinance-1.5.2:2026-10-10T01:43:06.185048+00:00
yahoo-ticker:XLV,XLV,2021-03-22,cash_distribution,0.398,2026-10-10T01:43:06.570262+00:00,yfinance-1.5.2:2026-10-10T01:43:06.570262+00:00
yahoo-ticker:XLY,XLY,2021-03-22,cash_distribution,0.132,2026-10-10T01:43:07.010195+00:00,yfinance-1.5.2:2026-10-10T01:43:07.010195+00:00
yahoo-ticker:IWM,IWM,2021-03-25,cash_distribution,0.398,2026-10-10T01:42:57.484124+00:00,yfinance-1.5.2:2026-10-10T01:42:57.484124+00:00
yahoo-ticker:VNQ,VNQ,2021-03-25,cash_distribution,0.526,2026-10-10T01:43:02.060468+00:00,yfinance-1.5.2:2026-10-10T01:43:02.060468+00:00
yahoo-ticker:VTV,VTV,2021-03-25,cash_distribution,0.706,2026-10-10T01:43:02.424133+00:00,yfinance-1.5.2:2026-10-10T01:43:02.424133+00:00
yahoo-ticker:VUG,VUG,2021-03-25,cash_distribution,0.0635,2026-10-10T01:43:02.762619+00:00,yfinance-1.5.2:2026-10-10T01:43:02.762619+00:00
yahoo-ticker:HYG,HYG,2021-04-01,cash_distribution,0.294,2026-10-10T01:42:56.450321+00:00,yfinance-1.5.2:2026-10-10T01:42:56.450321+00:00
yahoo-ticker:IEF,IEF,2021-04-01,cash_distribution,0.07,2026-10-10T01:42:57.071590+00:00,yfinance-1.5.2:2026-10-10T01:42:57.071590+00:00
yahoo-ticker:LQD,LQD,2021-04-01,cash_distribution,0.254,2026-10-10T01:42:57.875026+00:00,yfinance-1.5.2:2026-10-10T01:42:57.875026+00:00
yahoo-ticker:MBB,MBB,2021-04-01,cash_distribution,0.188,2026-10-10T01:42:58.253414+00:00,yfinance-1.5.2:2026-10-10T01:42:58.253414+00:00
yahoo-ticker:SHY,SHY,2021-04-01,cash_distribution,0.019,2026-10-10T01:42:59.247733+00:00,yfinance-1.5.2:2026-10-10T01:42:59.247733+00:00
yahoo-ticker:TIP,TIP,2021-04-01,cash_distribution,0.3,2026-10-10T01:43:00.393852+00:00,yfinance-1.5.2:2026-10-10T01:43:00.393852+00:00
yahoo-ticker:TLT,TLT,2021-04-01,cash_distribution,0.185,2026-10-10T01:43:00.768241+00:00,yfinance-1.5.2:2026-10-10T01:43:00.768241+00:00
yahoo-ticker:HYG,HYG,2021-05-03,cash_distribution,0.294,2026-10-10T01:42:56.450321+00:00,yfinance-1.5.2:2026-10-10T01:42:56.450321+00:00
yahoo-ticker:IEF,IEF,2021-05-03,cash_distribution,0.074,2026-10-10T01:42:57.071590+00:00,yfinance-1.5.2:2026-10-10T01:42:57.071590+00:00
yahoo-ticker:LQD,LQD,2021-05-03,cash_distribution,0.255,2026-10-10T01:42:57.875026+00:00,yfinance-1.5.2:2026-10-10T01:42:57.875026+00:00
yahoo-ticker:MBB,MBB,2021-05-03,cash_distribution,0.16,2026-10-10T01:42:58.253414+00:00,yfinance-1.5.2:2026-10-10T01:42:58.253414+00:00
yahoo-ticker:SHY,SHY,2021-05-03,cash_distribution,0.012,2026-10-10T01:42:59.247733+00:00,yfinance-1.5.2:2026-10-10T01:42:59.247733+00:00
yahoo-ticker:TIP,TIP,2021-05-03,cash_distribution,0.515,2026-10-10T01:43:00.393852+00:00,yfinance-1.5.2:2026-10-10T01:43:00.393852+00:00
yahoo-ticker:TLT,TLT,2021-05-03,cash_distribution,0.203,2026-10-10T01:43:00.768241+00:00,yfinance-1.5.2:2026-10-10T01:43:00.768241+00:00
yahoo-ticker:IAU,IAU,2021-05-24,stock_split,0.5,2026-10-10T01:42:56.707531+00:00,yfinance-1.5.2:2026-10-10T01:42:56.707531+00:00
yahoo-ticker:HYG,HYG,2021-06-01,cash_distribution,0.291,2026-10-10T01:42:56.450321+00:00,yfinance-1.5.2:2026-10-10T01:42:56.450321+00:00
yahoo-ticker:IEF,IEF,2021-06-01,cash_distribution,0.079,2026-10-10T01:42:57.071590+00:00,yfinance-1.5.2:2026-10-10T01:42:57.071590+00:00
yahoo-ticker:LQD,LQD,2021-06-01,cash_distribution,0.257,2026-10-10T01:42:57.875026+00:00,yfinance-1.5.2:2026-10-10T01:42:57.875026+00:00
yahoo-ticker:MBB,MBB,2021-06-01,cash_distribution,0.128,2026-10-10T01:42:58.253414+00:00,yfinance-1.5.2:2026-10-10T01:42:58.253414+00:00
yahoo-ticker:SHY,SHY,2021-06-01,cash_distribution,0.012,2026-10-10T01:42:59.247733+00:00,yfinance-1.5.2:2026-10-10T01:42:59.247733+00:00
yahoo-ticker:TIP,TIP,2021-06-01,cash_distribution,0.681,2026-10-10T01:43:00.393852+00:00,yfinance-1.5.2:2026-10-10T01:43:00.393852+00:00
yahoo-ticker:TLT,TLT,2021-06-01,cash_distribution,0.199,2026-10-10T01:43:00.768241+00:00,yfinance-1.5.2:2026-10-10T01:43:00.768241+00:00
yahoo-ticker:EEM,EEM,2021-06-10,cash_distribution,0.241,2026-10-10T01:42:55.050042+00:00,yfinance-1.5.2:2026-10-10T01:42:55.050042+00:00
yahoo-ticker:EFA,EFA,2021-06-10,cash_distribution,1.102,2026-10-10T01:42:55.419695+00:00,yfinance-1.5.2:2026-10-10T01:42:55.419695+00:00
yahoo-ticker:EWJ,EWJ,2021-06-10,cash_distribution,0.505,2026-10-10T01:42:55.842554+00:00,yfinance-1.5.2:2026-10-10T01:42:55.842554+00:00
yahoo-ticker:IWM,IWM,2021-06-10,cash_distribution,0.347,2026-10-10T01:42:57.484124+00:00,yfinance-1.5.2:2026-10-10T01:42:57.484124+00:00
yahoo-ticker:SPY,SPY,2021-06-18,cash_distribution,1.376,2026-10-10T01:42:59.974995+00:00,yfinance-1.5.2:2026-10-10T01:42:59.974995+00:00
yahoo-ticker:QQQ,QQQ,2021-06-21,cash_distribution,0.397,2026-10-10T01:42:58.808927+00:00,yfinance-1.5.2:2026-10-10T01:42:58.808927+00:00
yahoo-ticker:VEA,VEA,2021-06-21,cash_distribution,0.414,2026-10-10T01:43:01.730564+00:00,yfinance-1.5.2:2026-10-10T01:43:01.730564+00:00
yahoo-ticker:VWO,VWO,2021-06-21,cash_distribution,0.28,2026-10-10T01:43:03.149780+00:00,yfinance-1.5.2:2026-10-10T01:43:03.149780+00:00
yahoo-ticker:XLB,XLB,2021-06-21,cash_distribution,0.1745,2026-10-10T01:43:03.569166+00:00,yfinance-1.5.2:2026-10-10T01:43:03.569166+00:00
yahoo-ticker:XLE,XLE,2021-06-21,cash_distribution,0.265,2026-10-10T01:43:04.018451+00:00,yfinance-1.5.2:2026-10-10T01:43:04.018451+00:00
yahoo-ticker:XLF,XLF,2021-06-21,cash_distribution,0.139,2026-10-10T01:43:04.466526+00:00,yfinance-1.5.2:2026-10-10T01:43:04.466526+00:00
yahoo-ticker:XLI,XLI,2021-06-21,cash_distribution,0.314,2026-10-10T01:43:04.894763+00:00,yfinance-1.5.2:2026-10-10T01:43:04.894763+00:00
yahoo-ticker:XLK,XLK,2021-06-21,cash_distribution,0.13,2026-10-10T01:43:05.330588+00:00,yfinance-1.5.2:2026-10-10T01:43:05.330588+00:00
yahoo-ticker:XLP,XLP,2021-06-21,cash_distribution,0.444,2026-10-10T01:43:05.749242+00:00,yfinance-1.5.2:2026-10-10T01:43:05.749242+00:00
yahoo-ticker:XLU,XLU,2021-06-21,cash_distribution,0.247,2026-10-10T01:43:06.185048+00:00,yfinance-1.5.2:2026-10-10T01:43:06.185048+00:00
yahoo-ticker:XLV,XLV,2021-06-21,cash_distribution,0.481,2026-10-10T01:43:06.570262+00:00,yfinance-1.5.2:2026-10-10T01:43:06.570262+00:00
yahoo-ticker:XLY,XLY,2021-06-21,cash_distribution,0.1275,2026-10-10T01:43:07.010195+00:00,yfinance-1.5.2:2026-10-10T01:43:07.010195+00:00
yahoo-ticker:VNQ,VNQ,2021-06-24,cash_distribution,0.729,2026-10-10T01:43:02.060468+00:00,yfinance-1.5.2:2026-10-10T01:43:02.060468+00:00
yahoo-ticker:VTV,VTV,2021-06-24,cash_distribution,0.742,2026-10-10T01:43:02.424133+00:00,yfinance-1.5.2:2026-10-10T01:43:02.424133+00:00
yahoo-ticker:VUG,VUG,2021-06-24,cash_distribution,0.062333,2026-10-10T01:43:02.762619+00:00,yfinance-1.5.2:2026-10-10T01:43:02.762619+00:00
yahoo-ticker:HYG,HYG,2021-07-01,cash_distribution,0.292,2026-10-10T01:42:56.450321+00:00,yfinance-1.5.2:2026-10-10T01:42:56.450321+00:00
yahoo-ticker:IEF,IEF,2021-07-01,cash_distribution,0.077,2026-10-10T01:42:57.071590+00:00,yfinance-1.5.2:2026-10-10T01:42:57.071590+00:00
yahoo-ticker:LQD,LQD,2021-07-01,cash_distribution,0.253,2026-10-10T01:42:57.875026+00:00,yfinance-1.5.2:2026-10-10T01:42:57.875026+00:00
yahoo-ticker:MBB,MBB,2021-07-01,cash_distribution,0.097,2026-10-10T01:42:58.253414+00:00,yfinance-1.5.2:2026-10-10T01:42:58.253414+00:00
yahoo-ticker:SHY,SHY,2021-07-01,cash_distribution,0.013,2026-10-10T01:42:59.247733+00:00,yfinance-1.5.2:2026-10-10T01:42:59.247733+00:00
yahoo-ticker:TIP,TIP,2021-07-01,cash_distribution,0.833,2026-10-10T01:43:00.393852+00:00,yfinance-1.5.2:2026-10-10T01:43:00.393852+00:00
yahoo-ticker:TLT,TLT,2021-07-01,cash_distribution,0.188,2026-10-10T01:43:00.768241+00:00,yfinance-1.5.2:2026-10-10T01:43:00.768241+00:00
yahoo-ticker:HYG,HYG,2021-08-02,cash_distribution,0.283,2026-10-10T01:42:56.450321+00:00,yfinance-1.5.2:2026-10-10T01:42:56.450321+00:00
yahoo-ticker:IEF,IEF,2021-08-02,cash_distribution,0.076,2026-10-10T01:42:57.071590+00:00,yfinance-1.5.2:2026-10-10T01:42:57.071590+00:00
yahoo-ticker:LQD,LQD,2021-08-02,cash_distribution,0.243,2026-10-10T01:42:57.875026+00:00,yfinance-1.5.2:2026-10-10T01:42:57.875026+00:00
yahoo-ticker:MBB,MBB,2021-08-02,cash_distribution,0.08,2026-10-10T01:42:58.253414+00:00,yfinance-1.5.2:2026-10-10T01:42:58.253414+00:00
yahoo-ticker:SHY,SHY,2021-08-02,cash_distribution,0.012,2026-10-10T01:42:59.247733+00:00,yfinance-1.5.2:2026-10-10T01:42:59.247733+00:00
yahoo-ticker:TIP,TIP,2021-08-02,cash_distribution,0.777,2026-10-10T01:43:00.393852+00:00,yfinance-1.5.2:2026-10-10T01:43:00.393852+00:00
yahoo-ticker:TLT,TLT,2021-08-02,cash_distribution,0.182,2026-10-10T01:43:00.768241+00:00,yfinance-1.5.2:2026-10-10T01:43:00.768241+00:00
yahoo-ticker:HYG,HYG,2021-09-01,cash_distribution,0.275,2026-10-10T01:42:56.450321+00:00,yfinance-1.5.2:2026-10-10T01:42:56.450321+00:00
yahoo-ticker:IEF,IEF,2021-09-01,cash_distribution,0.08,2026-10-10T01:42:57.071590+00:00,yfinance-1.5.2:2026-10-10T01:42:57.071590+00:00
yahoo-ticker:LQD,LQD,2021-09-01,cash_distribution,0.234,2026-10-10T01:42:57.875026+00:00,yfinance-1.5.2:2026-10-10T01:42:57.875026+00:00
yahoo-ticker:MBB,MBB,2021-09-01,cash_distribution,0.073,2026-10-10T01:42:58.253414+00:00,yfinance-1.5.2:2026-10-10T01:42:58.253414+00:00
yahoo-ticker:SHY,SHY,2021-09-01,cash_distribution,0.013,2026-10-10T01:42:59.247733+00:00,yfinance-1.5.2:2026-10-10T01:42:59.247733+00:00
yahoo-ticker:TIP,TIP,2021-09-01,cash_distribution,0.896,2026-10-10T01:43:00.393852+00:00,yfinance-1.5.2:2026-10-10T01:43:00.393852+00:00
yahoo-ticker:TLT,TLT,2021-09-01,cash_distribution,0.189,2026-10-10T01:43:00.768241+00:00,yfinance-1.5.2:2026-10-10T01:43:00.768241+00:00
yahoo-ticker:SPY,SPY,2021-09-17,cash_distribution,1.428,2026-10-10T01:42:59.974995+00:00,yfinance-1.5.2:2026-10-10T01:42:59.974995+00:00
yahoo-ticker:QQQ,QQQ,2021-09-20,cash_distribution,0.414,2026-10-10T01:42:58.808927+00:00,yfinance-1.5.2:2026-10-10T01:42:58.808927+00:00
yahoo-ticker:VEA,VEA,2021-09-20,cash_distribution,0.2,2026-10-10T01:43:01.730564+00:00,yfinance-1.5.2:2026-10-10T01:43:01.730564+00:00
yahoo-ticker:VWO,VWO,2021-09-20,cash_distribution,0.473,2026-10-10T01:43:03.149780+00:00,yfinance-1.5.2:2026-10-10T01:43:03.149780+00:00
yahoo-ticker:XLB,XLB,2021-09-20,cash_distribution,0.177,2026-10-10T01:43:03.569166+00:00,yfinance-1.5.2:2026-10-10T01:43:03.569166+00:00
yahoo-ticker:XLE,XLE,2021-09-20,cash_distribution,0.296,2026-10-10T01:43:04.018451+00:00,yfinance-1.5.2:2026-10-10T01:43:04.018451+00:00
yahoo-ticker:XLF,XLF,2021-09-20,cash_distribution,0.162,2026-10-10T01:43:04.466526+00:00,yfinance-1.5.2:2026-10-10T01:43:04.466526+00:00
yahoo-ticker:XLI,XLI,2021-09-20,cash_distribution,0.323,2026-10-10T01:43:04.894763+00:00,yfinance-1.5.2:2026-10-10T01:43:04.894763+00:00
yahoo-ticker:XLK,XLK,2021-09-20,cash_distribution,0.1365,2026-10-10T01:43:05.330588+00:00,yfinance-1.5.2:2026-10-10T01:43:05.330588+00:00
yahoo-ticker:XLP,XLP,2021-09-20,cash_distribution,0.442,2026-10-10T01:43:05.749242+00:00,yfinance-1.5.2:2026-10-10T01:43:05.749242+00:00
yahoo-ticker:XLU,XLU,2021-09-20,cash_distribution,0.2495,2026-10-10T01:43:06.185048+00:00,yfinance-1.5.2:2026-10-10T01:43:06.185048+00:00
yahoo-ticker:XLV,XLV,2021-09-20,cash_distribution,0.467,2026-10-10T01:43:06.570262+00:00,yfinance-1.5.2:2026-10-10T01:43:06.570262+00:00
yahoo-ticker:XLY,XLY,2021-09-20,cash_distribution,0.1375,2026-10-10T01:43:07.010195+00:00,yfinance-1.5.2:2026-10-10T01:43:07.010195+00:00
yahoo-ticker:IWM,IWM,2021-09-24,cash_distribution,0.679,2026-10-10T01:42:57.484124+00:00,yfinance-1.5.2:2026-10-10T01:42:57.484124+00:00
yahoo-ticker:VNQ,VNQ,2021-09-24,cash_distribution,0.657,2026-10-10T01:43:02.060468+00:00,yfinance-1.5.2:2026-10-10T01:43:02.060468+00:00
yahoo-ticker:VTV,VTV,2021-09-24,cash_distribution,0.806,2026-10-10T01:43:02.424133+00:00,yfinance-1.5.2:2026-10-10T01:43:02.424133+00:00
yahoo-ticker:VUG,VUG,2021-09-24,cash_distribution,0.052833,2026-10-10T01:43:02.762619+00:00,yfinance-1.5.2:2026-10-10T01:43:02.762619+00:00
yahoo-ticker:HYG,HYG,2021-10-01,cash_distribution,0.289,2026-10-10T01:42:56.450321+00:00,yfinance-1.5.2:2026-10-10T01:42:56.450321+00:00
yahoo-ticker:IEF,IEF,2021-10-01,cash_distribution,0.08,2026-10-10T01:42:57.071590+00:00,yfinance-1.5.2:2026-10-10T01:42:57.071590+00:00
yahoo-ticker:LQD,LQD,2021-10-01,cash_distribution,0.255,2026-10-10T01:42:57.875026+00:00,yfinance-1.5.2:2026-10-10T01:42:57.875026+00:00
yahoo-ticker:MBB,MBB,2021-10-01,cash_distribution,0.019,2026-10-10T01:42:58.253414+00:00,yfinance-1.5.2:2026-10-10T01:42:58.253414+00:00
yahoo-ticker:SHY,SHY,2021-10-01,cash_distribution,0.011,2026-10-10T01:42:59.247733+00:00,yfinance-1.5.2:2026-10-10T01:42:59.247733+00:00
yahoo-ticker:TIP,TIP,2021-10-01,cash_distribution,0.432,2026-10-10T01:43:00.393852+00:00,yfinance-1.5.2:2026-10-10T01:43:00.393852+00:00
yahoo-ticker:TLT,TLT,2021-10-01,cash_distribution,0.183,2026-10-10T01:43:00.768241+00:00,yfinance-1.5.2:2026-10-10T01:43:00.768241+00:00
yahoo-ticker:HYG,HYG,2021-11-01,cash_distribution,0.277,2026-10-10T01:42:56.450321+00:00,yfinance-1.5.2:2026-10-10T01:42:56.450321+00:00
yahoo-ticker:IEF,IEF,2021-11-01,cash_distribution,0.081,2026-10-10T01:42:57.071590+00:00,yfinance-1.5.2:2026-10-10T01:42:57.071590+00:00
yahoo-ticker:LQD,LQD,2021-11-01,cash_distribution,0.262,2026-10-10T01:42:57.875026+00:00,yfinance-1.5.2:2026-10-10T01:42:57.875026+00:00
yahoo-ticker:SHY,SHY,2021-11-01,cash_distribution,0.011,2026-10-10T01:42:59.247733+00:00,yfinance-1.5.2:2026-10-10T01:42:59.247733+00:00
yahoo-ticker:TIP,TIP,2021-11-01,cash_distribution,0.122,2026-10-10T01:43:00.393852+00:00,yfinance-1.5.2:2026-10-10T01:43:00.393852+00:00
yahoo-ticker:TLT,TLT,2021-11-01,cash_distribution,0.188,2026-10-10T01:43:00.768241+00:00,yfinance-1.5.2:2026-10-10T01:43:00.768241+00:00
yahoo-ticker:HYG,HYG,2021-12-01,cash_distribution,0.282,2026-10-10T01:42:56.450321+00:00,yfinance-1.5.2:2026-10-10T01:42:56.450321+00:00
yahoo-ticker:IEF,IEF,2021-12-01,cash_distribution,0.088,2026-10-10T01:42:57.071590+00:00,yfinance-1.5.2:2026-10-10T01:42:57.071590+00:00
yahoo-ticker:LQD,LQD,2021-12-01,cash_distribution,0.239,2026-10-10T01:42:57.875026+00:00,yfinance-1.5.2:2026-10-10T01:42:57.875026+00:00
yahoo-ticker:SHY,SHY,2021-12-01,cash_distribution,0.05,2026-10-10T01:42:59.247733+00:00,yfinance-1.5.2:2026-10-10T01:42:59.247733+00:00
yahoo-ticker:TIP,TIP,2021-12-01,cash_distribution,0.186,2026-10-10T01:43:00.393852+00:00,yfinance-1.5.2:2026-10-10T01:43:00.393852+00:00
yahoo-ticker:TLT,TLT,2021-12-01,cash_distribution,0.184,2026-10-10T01:43:00.768241+00:00,yfinance-1.5.2:2026-10-10T01:43:00.768241+00:00
yahoo-ticker:PDBC,PDBC,2021-12-03,cash_distribution,5.39,2026-10-10T01:42:58.484360+00:00,yfinance-1.5.2:2026-10-10T01:42:58.484360+00:00
yahoo-ticker:EEM,EEM,2021-12-13,cash_distribution,0.707,2026-10-10T01:42:55.050042+00:00,yfinance-1.5.2:2026-10-10T01:42:55.050042+00:00
yahoo-ticker:EFA,EFA,2021-12-13,cash_distribution,1.352,2026-10-10T01:42:55.419695+00:00,yfinance-1.5.2:2026-10-10T01:42:55.419695+00:00
yahoo-ticker:EWJ,EWJ,2021-12-13,cash_distribution,0.888,2026-10-10T01:42:55.842554+00:00,yfinance-1.5.2:2026-10-10T01:42:55.842554+00:00
yahoo-ticker:IWM,IWM,2021-12-13,cash_distribution,0.666,2026-10-10T01:42:57.484124+00:00,yfinance-1.5.2:2026-10-10T01:42:57.484124+00:00
yahoo-ticker:HYG,HYG,2021-12-16,cash_distribution,0.296,2026-10-10T01:42:56.450321+00:00,yfinance-1.5.2:2026-10-10T01:42:56.450321+00:00
yahoo-ticker:IEF,IEF,2021-12-16,cash_distribution,0.106,2026-10-10T01:42:57.071590+00:00,yfinance-1.5.2:2026-10-10T01:42:57.071590+00:00
yahoo-ticker:LQD,LQD,2021-12-16,cash_distribution,0.256,2026-10-10T01:42:57.875026+00:00,yfinance-1.5.2:2026-10-10T01:42:57.875026+00:00
yahoo-ticker:SHY,SHY,2021-12-16,cash_distribution,0.018,2026-10-10T01:42:59.247733+00:00,yfinance-1.5.2:2026-10-10T01:42:59.247733+00:00
yahoo-ticker:TIP,TIP,2021-12-16,cash_distribution,0.786,2026-10-10T01:43:00.393852+00:00,yfinance-1.5.2:2026-10-10T01:43:00.393852+00:00
yahoo-ticker:TLT,TLT,2021-12-16,cash_distribution,0.168,2026-10-10T01:43:00.768241+00:00,yfinance-1.5.2:2026-10-10T01:43:00.768241+00:00
yahoo-ticker:SPY,SPY,2021-12-17,cash_distribution,1.633,2026-10-10T01:42:59.974995+00:00,yfinance-1.5.2:2026-10-10T01:42:59.974995+00:00
yahoo-ticker:PDBC,PDBC,2021-12-20,cash_distribution,1.757,2026-10-10T01:42:58.484360+00:00,yfinance-1.5.2:2026-10-10T01:42:58.484360+00:00
yahoo-ticker:QQQ,QQQ,2021-12-20,cash_distribution,0.491,2026-10-10T01:42:58.808927+00:00,yfinance-1.5.2:2026-10-10T01:42:58.808927+00:00
yahoo-ticker:VEA,VEA,2021-12-20,cash_distribution,0.769,2026-10-10T01:43:01.730564+00:00,yfinance-1.5.2:2026-10-10T01:43:01.730564+00:00
yahoo-ticker:VWO,VWO,2021-12-20,cash_distribution,0.478,2026-10-10T01:43:03.149780+00:00,yfinance-1.5.2:2026-10-10T01:43:03.149780+00:00
yahoo-ticker:XLB,XLB,2021-12-20,cash_distribution,0.221,2026-10-10T01:43:03.569166+00:00,yfinance-1.5.2:2026-10-10T01:43:03.569166+00:00
yahoo-ticker:XLE,XLE,2021-12-20,cash_distribution,0.3475,2026-10-10T01:43:04.018451+00:00,yfinance-1.5.2:2026-10-10T01:43:04.018451+00:00
yahoo-ticker:XLF,XLF,2021-12-20,cash_distribution,0.184,2026-10-10T01:43:04.466526+00:00,yfinance-1.5.2:2026-10-10T01:43:04.466526+00:00
yahoo-ticker:XLI,XLI,2021-12-20,cash_distribution,0.385,2026-10-10T01:43:04.894763+00:00,yfinance-1.5.2:2026-10-10T01:43:04.894763+00:00
yahoo-ticker:XLK,XLK,2021-12-20,cash_distribution,0.1585,2026-10-10T01:43:05.330588+00:00,yfinance-1.5.2:2026-10-10T01:43:05.330588+00:00
yahoo-ticker:XLP,XLP,2021-12-20,cash_distribution,0.512,2026-10-10T01:43:05.749242+00:00,yfinance-1.5.2:2026-10-10T01:43:05.749242+00:00
yahoo-ticker:XLU,XLU,2021-12-20,cash_distribution,0.273,2026-10-10T01:43:06.185048+00:00,yfinance-1.5.2:2026-10-10T01:43:06.185048+00:00
yahoo-ticker:XLV,XLV,2021-12-20,cash_distribution,0.528,2026-10-10T01:43:06.570262+00:00,yfinance-1.5.2:2026-10-10T01:43:06.570262+00:00
yahoo-ticker:XLY,XLY,2021-12-20,cash_distribution,0.146,2026-10-10T01:43:07.010195+00:00,yfinance-1.5.2:2026-10-10T01:43:07.010195+00:00
yahoo-ticker:VNQ,VNQ,2021-12-27,cash_distribution,1.053,2026-10-10T01:43:02.060468+00:00,yfinance-1.5.2:2026-10-10T01:43:02.060468+00:00
yahoo-ticker:VTV,VTV,2021-12-27,cash_distribution,0.903,2026-10-10T01:43:02.424133+00:00,yfinance-1.5.2:2026-10-10T01:43:02.424133+00:00
yahoo-ticker:VUG,VUG,2021-12-27,cash_distribution,0.078167,2026-10-10T01:43:02.762619+00:00,yfinance-1.5.2:2026-10-10T01:43:02.762619+00:00
yahoo-ticker:EEM,EEM,2021-12-30,cash_distribution,0.026,2026-10-10T01:42:55.050042+00:00,yfinance-1.5.2:2026-10-10T01:42:55.050042+00:00
yahoo-ticker:EFA,EFA,2021-12-30,cash_distribution,0.163,2026-10-10T01:42:55.419695+00:00,yfinance-1.5.2:2026-10-10T01:42:55.419695+00:00
yahoo-ticker:HYG,HYG,2022-02-01,cash_distribution,0.305,2026-10-10T01:42:56.450321+00:00,yfinance-1.5.2:2026-10-10T01:42:56.450321+00:00
yahoo-ticker:IEF,IEF,2022-02-01,cash_distribution,0.108,2026-10-10T01:42:57.071590+00:00,yfinance-1.5.2:2026-10-10T01:42:57.071590+00:00
yahoo-ticker:LQD,LQD,2022-02-01,cash_distribution,0.242,2026-10-10T01:42:57.875026+00:00,yfinance-1.5.2:2026-10-10T01:42:57.875026+00:00
yahoo-ticker:MBB,MBB,2022-02-01,cash_distribution,0.166,2026-10-10T01:42:58.253414+00:00,yfinance-1.5.2:2026-10-10T01:42:58.253414+00:00
yahoo-ticker:SHY,SHY,2022-02-01,cash_distribution,0.023,2026-10-10T01:42:59.247733+00:00,yfinance-1.5.2:2026-10-10T01:42:59.247733+00:00
yahoo-ticker:TIP,TIP,2022-02-01,cash_distribution,0.439,2026-10-10T01:43:00.393852+00:00,yfinance-1.5.2:2026-10-10T01:43:00.393852+00:00
yahoo-ticker:TLT,TLT,2022-02-01,cash_distribution,0.198,2026-10-10T01:43:00.768241+00:00,yfinance-1.5.2:2026-10-10T01:43:00.768241+00:00
yahoo-ticker:BIL,BIL,2022-03-01,cash_distribution,0.022,2026-10-10T01:42:54.346149+00:00,yfinance-1.5.2:2026-10-10T01:42:54.346149+00:00
yahoo-ticker:HYG,HYG,2022-03-01,cash_distribution,0.307,2026-10-10T01:42:56.450321+00:00,yfinance-1.5.2:2026-10-10T01:42:56.450321+00:00
yahoo-ticker:IEF,IEF,2022-03-01,cash_distribution,0.101,2026-10-10T01:42:57.071590+00:00,yfinance-1.5.2:2026-10-10T01:42:57.071590+00:00
yahoo-ticker:LQD,LQD,2022-03-01,cash_distribution,0.256,2026-10-10T01:42:57.875026+00:00,yfinance-1.5.2:2026-10-10T01:42:57.875026+00:00
yahoo-ticker:MBB,MBB,2022-03-01,cash_distribution,0.137,2026-10-10T01:42:58.253414+00:00,yfinance-1.5.2:2026-10-10T01:42:58.253414+00:00
yahoo-ticker:SHY,SHY,2022-03-01,cash_distribution,0.025,2026-10-10T01:42:59.247733+00:00,yfinance-1.5.2:2026-10-10T01:42:59.247733+00:00
yahoo-ticker:TIP,TIP,2022-03-01,cash_distribution,0.229,2026-10-10T01:43:00.393852+00:00,yfinance-1.5.2:2026-10-10T01:43:00.393852+00:00
yahoo-ticker:TLT,TLT,2022-03-01,cash_distribution,0.185,2026-10-10T01:43:00.768241+00:00,yfinance-1.5.2:2026-10-10T01:43:00.768241+00:00
yahoo-ticker:SPY,SPY,2022-03-18,cash_distribution,1.366,2026-10-10T01:42:59.974995+00:00,yfinance-1.5.2:2026-10-10T01:42:59.974995+00:00
yahoo-ticker:QQQ,QQQ,2022-03-21,cash_distribution,0.434,2026-10-10T01:42:58.808927+00:00,yfinance-1.5.2:2026-10-10T01:42:58.808927+00:00
yahoo-ticker:VEA,VEA,2022-03-21,cash_distribution,0.083,2026-10-10T01:43:01.730564+00:00,yfinance-1.5.2:2026-10-10T01:43:01.730564+00:00
yahoo-ticker:VWO,VWO,2022-03-21,cash_distribution,0.134,2026-10-10T01:43:03.149780+00:00,yfinance-1.5.2:2026-10-10T01:43:03.149780+00:00
yahoo-ticker:XLB,XLB,2022-03-21,cash_distribution,0.1615,2026-10-10T01:43:03.569166+00:00,yfinance-1.5.2:2026-10-10T01:43:03.569166+00:00
yahoo-ticker:XLE,XLE,2022-03-21,cash_distribution,0.35,2026-10-10T01:43:04.018451+00:00,yfinance-1.5.2:2026-10-10T01:43:04.018451+00:00
yahoo-ticker:XLF,XLF,2022-03-21,cash_distribution,0.152,2026-10-10T01:43:04.466526+00:00,yfinance-1.5.2:2026-10-10T01:43:04.466526+00:00
yahoo-ticker:XLI,XLI,2022-03-21,cash_distribution,0.341,2026-10-10T01:43:04.894763+00:00,yfinance-1.5.2:2026-10-10T01:43:04.894763+00:00
yahoo-ticker:XLK,XLK,2022-03-21,cash_distribution,0.143,2026-10-10T01:43:05.330588+00:00,yfinance-1.5.2:2026-10-10T01:43:05.330588+00:00
yahoo-ticker:XLP,XLP,2022-03-21,cash_distribution,0.335,2026-10-10T01:43:05.749242+00:00,yfinance-1.5.2:2026-10-10T01:43:05.749242+00:00
yahoo-ticker:XLU,XLU,2022-03-21,cash_distribution,0.235,2026-10-10T01:43:06.185048+00:00,yfinance-1.5.2:2026-10-10T01:43:06.185048+00:00
yahoo-ticker:XLV,XLV,2022-03-21,cash_distribution,0.426,2026-10-10T01:43:06.570262+00:00,yfinance-1.5.2:2026-10-10T01:43:06.570262+00:00
yahoo-ticker:XLY,XLY,2022-03-21,cash_distribution,0.1395,2026-10-10T01:43:07.010195+00:00,yfinance-1.5.2:2026-10-10T01:43:07.010195+00:00
yahoo-ticker:VNQ,VNQ,2022-03-23,cash_distribution,0.577,2026-10-10T01:43:02.060468+00:00,yfinance-1.5.2:2026-10-10T01:43:02.060468+00:00
yahoo-ticker:VTV,VTV,2022-03-23,cash_distribution,0.792,2026-10-10T01:43:02.424133+00:00,yfinance-1.5.2:2026-10-10T01:43:02.424133+00:00
yahoo-ticker:VUG,VUG,2022-03-23,cash_distribution,0.050167,2026-10-10T01:43:02.762619+00:00,yfinance-1.5.2:2026-10-10T01:43:02.762619+00:00
yahoo-ticker:IWM,IWM,2022-03-24,cash_distribution,0.4,2026-10-10T01:42:57.484124+00:00,yfinance-1.5.2:2026-10-10T01:42:57.484124+00:00
yahoo-ticker:HYG,HYG,2022-04-01,cash_distribution,0.334,2026-10-10T01:42:56.450321+00:00,yfinance-1.5.2:2026-10-10T01:42:56.450321+00:00
yahoo-ticker:IEF,IEF,2022-04-01,cash_distribution,0.121,2026-10-10T01:42:57.071590+00:00,yfinance-1.5.2:2026-10-10T01:42:57.071590+00:00
yahoo-ticker:LQD,LQD,2022-04-01,cash_distribution,0.255,2026-10-10T01:42:57.875026+00:00,yfinance-1.5.2:2026-10-10T01:42:57.875026+00:00
yahoo-ticker:MBB,MBB,2022-04-01,cash_distribution,0.136,2026-10-10T01:42:58.253414+00:00,yfinance-1.5.2:2026-10-10T01:42:58.253414+00:00
yahoo-ticker:SHY,SHY,2022-04-01,cash_distribution,0.036,2026-10-10T01:42:59.247733+00:00,yfinance-1.5.2:2026-10-10T01:42:59.247733+00:00
yahoo-ticker:TIP,TIP,2022-04-01,cash_distribution,0.798,2026-10-10T01:43:00.393852+00:00,yfinance-1.5.2:2026-10-10T01:43:00.393852+00:00
yahoo-ticker:TLT,TLT,2022-04-01,cash_distribution,0.202,2026-10-10T01:43:00.768241+00:00,yfinance-1.5.2:2026-10-10T01:43:00.768241+00:00
yahoo-ticker:HYG,HYG,2022-05-02,cash_distribution,0.305,2026-10-10T01:42:56.450321+00:00,yfinance-1.5.2:2026-10-10T01:42:56.450321+00:00
yahoo-ticker:IEF,IEF,2022-05-02,cash_distribution,0.125,2026-10-10T01:42:57.071590+00:00,yfinance-1.5.2:2026-10-10T01:42:57.071590+00:00
yahoo-ticker:LQD,LQD,2022-05-02,cash_distribution,0.254,2026-10-10T01:42:57.875026+00:00,yfinance-1.5.2:2026-10-10T01:42:57.875026+00:00
yahoo-ticker:MBB,MBB,2022-05-02,cash_distribution,0.148,2026-10-10T01:42:58.253414+00:00,yfinance-1.5.2:2026-10-10T01:42:58.253414+00:00
yahoo-ticker:SHY,SHY,2022-05-02,cash_distribution,0.044,2026-10-10T01:42:59.247733+00:00,yfinance-1.5.2:2026-10-10T01:42:59.247733+00:00
yahoo-ticker:TIP,TIP,2022-05-02,cash_distribution,0.938,2026-10-10T01:43:00.393852+00:00,yfinance-1.5.2:2026-10-10T01:43:00.393852+00:00
yahoo-ticker:TLT,TLT,2022-05-02,cash_distribution,0.203,2026-10-10T01:43:00.768241+00:00,yfinance-1.5.2:2026-10-10T01:43:00.768241+00:00
yahoo-ticker:BIL,BIL,2022-06-01,cash_distribution,0.031,2026-10-10T01:42:54.346149+00:00,yfinance-1.5.2:2026-10-10T01:42:54.346149+00:00
yahoo-ticker:HYG,HYG,2022-06-01,cash_distribution,0.307,2026-10-10T01:42:56.450321+00:00,yfinance-1.5.2:2026-10-10T01:42:56.450321+00:00
yahoo-ticker:IEF,IEF,2022-06-01,cash_distribution,0.129,2026-10-10T01:42:57.071590+00:00,yfinance-1.5.2:2026-10-10T01:42:57.071590+00:00
yahoo-ticker:LQD,LQD,2022-06-01,cash_distribution,0.274,2026-10-10T01:42:57.875026+00:00,yfinance-1.5.2:2026-10-10T01:42:57.875026+00:00
yahoo-ticker:MBB,MBB,2022-06-01,cash_distribution,0.162,2026-10-10T01:42:58.253414+00:00,yfinance-1.5.2:2026-10-10T01:42:58.253414+00:00
yahoo-ticker:SHY,SHY,2022-06-01,cash_distribution,0.065,2026-10-10T01:42:59.247733+00:00,yfinance-1.5.2:2026-10-10T01:42:59.247733+00:00
yahoo-ticker:TIP,TIP,2022-06-01,cash_distribution,1.367,2026-10-10T01:43:00.393852+00:00,yfinance-1.5.2:2026-10-10T01:43:00.393852+00:00
yahoo-ticker:TLT,TLT,2022-06-01,cash_distribution,0.207,2026-10-10T01:43:00.768241+00:00,yfinance-1.5.2:2026-10-10T01:43:00.768241+00:00
yahoo-ticker:EEM,EEM,2022-06-09,cash_distribution,0.362,2026-10-10T01:42:55.050042+00:00,yfinance-1.5.2:2026-10-10T01:42:55.050042+00:00
yahoo-ticker:EFA,EFA,2022-06-09,cash_distribution,1.498,2026-10-10T01:42:55.419695+00:00,yfinance-1.5.2:2026-10-10T01:42:55.419695+00:00
yahoo-ticker:EWJ,EWJ,2022-06-09,cash_distribution,0.546,2026-10-10T01:42:55.842554+00:00,yfinance-1.5.2:2026-10-10T01:42:55.842554+00:00
yahoo-ticker:IWM,IWM,2022-06-09,cash_distribution,0.494,2026-10-10T01:42:57.484124+00:00,yfinance-1.5.2:2026-10-10T01:42:57.484124+00:00
yahoo-ticker:SPY,SPY,2022-06-17,cash_distribution,1.577,2026-10-10T01:42:59.974995+00:00,yfinance-1.5.2:2026-10-10T01:42:59.974995+00:00
yahoo-ticker:QQQ,QQQ,2022-06-21,cash_distribution,0.527,2026-10-10T01:42:58.808927+00:00,yfinance-1.5.2:2026-10-10T01:42:58.808927+00:00
yahoo-ticker:VEA,VEA,2022-06-21,cash_distribution,0.53,2026-10-10T01:43:01.730564+00:00,yfinance-1.5.2:2026-10-10T01:43:01.730564+00:00
yahoo-ticker:VWO,VWO,2022-06-21,cash_distribution,0.306,2026-10-10T01:43:03.149780+00:00,yfinance-1.5.2:2026-10-10T01:43:03.149780+00:00
yahoo-ticker:XLB,XLB,2022-06-21,cash_distribution,0.2575,2026-10-10T01:43:03.569166+00:00,yfinance-1.5.2:2026-10-10T01:43:03.569166+00:00
yahoo-ticker:XLE,XLE,2022-06-21,cash_distribution,0.4075,2026-10-10T01:43:04.018451+00:00,yfinance-1.5.2:2026-10-10T01:43:04.018451+00:00
yahoo-ticker:XLF,XLF,2022-06-21,cash_distribution,0.164,2026-10-10T01:43:04.466526+00:00,yfinance-1.5.2:2026-10-10T01:43:04.466526+00:00
yahoo-ticker:XLI,XLI,2022-06-21,cash_distribution,0.374,2026-10-10T01:43:04.894763+00:00,yfinance-1.5.2:2026-10-10T01:43:04.894763+00:00
yahoo-ticker:XLK,XLK,2022-06-21,cash_distribution,0.1615,2026-10-10T01:43:05.330588+00:00,yfinance-1.5.2:2026-10-10T01:43:05.330588+00:00
yahoo-ticker:XLP,XLP,2022-06-21,cash_distribution,0.513,2026-10-10T01:43:05.749242+00:00,yfinance-1.5.2:2026-10-10T01:43:05.749242+00:00
yahoo-ticker:XLU,XLU,2022-06-21,cash_distribution,0.2575,2026-10-10T01:43:06.185048+00:00,yfinance-1.5.2:2026-10-10T01:43:06.185048+00:00
yahoo-ticker:XLV,XLV,2022-06-21,cash_distribution,0.504,2026-10-10T01:43:06.570262+00:00,yfinance-1.5.2:2026-10-10T01:43:06.570262+00:00
yahoo-ticker:XLY,XLY,2022-06-21,cash_distribution,0.157,2026-10-10T01:43:07.010195+00:00,yfinance-1.5.2:2026-10-10T01:43:07.010195+00:00
yahoo-ticker:VNQ,VNQ,2022-06-23,cash_distribution,0.57,2026-10-10T01:43:02.060468+00:00,yfinance-1.5.2:2026-10-10T01:43:02.060468+00:00
yahoo-ticker:VTV,VTV,2022-06-23,cash_distribution,0.835,2026-10-10T01:43:02.424133+00:00,yfinance-1.5.2:2026-10-10T01:43:02.424133+00:00
yahoo-ticker:VUG,VUG,2022-06-23,cash_distribution,0.0535,2026-10-10T01:43:02.762619+00:00,yfinance-1.5.2:2026-10-10T01:43:02.762619+00:00
yahoo-ticker:BIL,BIL,2022-07-01,cash_distribution,0.053,2026-10-10T01:42:54.346149+00:00,yfinance-1.5.2:2026-10-10T01:42:54.346149+00:00
yahoo-ticker:HYG,HYG,2022-07-01,cash_distribution,0.329,2026-10-10T01:42:56.450321+00:00,yfinance-1.5.2:2026-10-10T01:42:56.450321+00:00
yahoo-ticker:IEF,IEF,2022-07-01,cash_distribution,0.155,2026-10-10T01:42:57.071590+00:00,yfinance-1.5.2:2026-10-10T01:42:57.071590+00:00
yahoo-ticker:LQD,LQD,2022-07-01,cash_distribution,0.297,2026-10-10T01:42:57.875026+00:00,yfinance-1.5.2:2026-10-10T01:42:57.875026+00:00
yahoo-ticker:MBB,MBB,2022-07-01,cash_distribution,0.15,2026-10-10T01:42:58.253414+00:00,yfinance-1.5.2:2026-10-10T01:42:58.253414+00:00
yahoo-ticker:SHY,SHY,2022-07-01,cash_distribution,0.079,2026-10-10T01:42:59.247733+00:00,yfinance-1.5.2:2026-10-10T01:42:59.247733+00:00
yahoo-ticker:TIP,TIP,2022-07-01,cash_distribution,0.565,2026-10-10T01:43:00.393852+00:00,yfinance-1.5.2:2026-10-10T01:43:00.393852+00:00
yahoo-ticker:TLT,TLT,2022-07-01,cash_distribution,0.227,2026-10-10T01:43:00.768241+00:00,yfinance-1.5.2:2026-10-10T01:43:00.768241+00:00
yahoo-ticker:BIL,BIL,2022-08-01,cash_distribution,0.097,2026-10-10T01:42:54.346149+00:00,yfinance-1.5.2:2026-10-10T01:42:54.346149+00:00
yahoo-ticker:HYG,HYG,2022-08-01,cash_distribution,0.304,2026-10-10T01:42:56.450321+00:00,yfinance-1.5.2:2026-10-10T01:42:56.450321+00:00
yahoo-ticker:IEF,IEF,2022-08-01,cash_distribution,0.184,2026-10-10T01:42:57.071590+00:00,yfinance-1.5.2:2026-10-10T01:42:57.071590+00:00
yahoo-ticker:LQD,LQD,2022-08-01,cash_distribution,0.276,2026-10-10T01:42:57.875026+00:00,yfinance-1.5.2:2026-10-10T01:42:57.875026+00:00
yahoo-ticker:MBB,MBB,2022-08-01,cash_distribution,0.184,2026-10-10T01:42:58.253414+00:00,yfinance-1.5.2:2026-10-10T01:42:58.253414+00:00
yahoo-ticker:SHY,SHY,2022-08-01,cash_distribution,0.088,2026-10-10T01:42:59.247733+00:00,yfinance-1.5.2:2026-10-10T01:42:59.247733+00:00
yahoo-ticker:TIP,TIP,2022-08-01,cash_distribution,1.154,2026-10-10T01:43:00.393852+00:00,yfinance-1.5.2:2026-10-10T01:43:00.393852+00:00
yahoo-ticker:TLT,TLT,2022-08-01,cash_distribution,0.213,2026-10-10T01:43:00.768241+00:00,yfinance-1.5.2:2026-10-10T01:43:00.768241+00:00
yahoo-ticker:BIL,BIL,2022-09-01,cash_distribution,0.139,2026-10-10T01:42:54.346149+00:00,yfinance-1.5.2:2026-10-10T01:42:54.346149+00:00
yahoo-ticker:HYG,HYG,2022-09-01,cash_distribution,0.366,2026-10-10T01:42:56.450321+00:00,yfinance-1.5.2:2026-10-10T01:42:56.450321+00:00
yahoo-ticker:IEF,IEF,2022-09-01,cash_distribution,0.179,2026-10-10T01:42:57.071590+00:00,yfinance-1.5.2:2026-10-10T01:42:57.071590+00:00
yahoo-ticker:LQD,LQD,2022-09-01,cash_distribution,0.304,2026-10-10T01:42:57.875026+00:00,yfinance-1.5.2:2026-10-10T01:42:57.875026+00:00
yahoo-ticker:MBB,MBB,2022-09-01,cash_distribution,0.197,2026-10-10T01:42:58.253414+00:00,yfinance-1.5.2:2026-10-10T01:42:58.253414+00:00
yahoo-ticker:SHY,SHY,2022-09-01,cash_distribution,0.1,2026-10-10T01:42:59.247733+00:00,yfinance-1.5.2:2026-10-10T01:42:59.247733+00:00
yahoo-ticker:TIP,TIP,2022-09-01,cash_distribution,1.438,2026-10-10T01:43:00.393852+00:00,yfinance-1.5.2:2026-10-10T01:43:00.393852+00:00
yahoo-ticker:TLT,TLT,2022-09-01,cash_distribution,0.236,2026-10-10T01:43:00.768241+00:00,yfinance-1.5.2:2026-10-10T01:43:00.768241+00:00
yahoo-ticker:SPY,SPY,2022-09-16,cash_distribution,1.596,2026-10-10T01:42:59.974995+00:00,yfinance-1.5.2:2026-10-10T01:42:59.974995+00:00
yahoo-ticker:QQQ,QQQ,2022-09-19,cash_distribution,0.519,2026-10-10T01:42:58.808927+00:00,yfinance-1.5.2:2026-10-10T01:42:58.808927+00:00
yahoo-ticker:VEA,VEA,2022-09-19,cash_distribution,0.12,2026-10-10T01:43:01.730564+00:00,yfinance-1.5.2:2026-10-10T01:43:01.730564+00:00
yahoo-ticker:VWO,VWO,2022-09-19,cash_distribution,0.529,2026-10-10T01:43:03.149780+00:00,yfinance-1.5.2:2026-10-10T01:43:03.149780+00:00
yahoo-ticker:XLB,XLB,2022-09-19,cash_distribution,0.205,2026-10-10T01:43:03.569166+00:00,yfinance-1.5.2:2026-10-10T01:43:03.569166+00:00
yahoo-ticker:XLE,XLE,2022-09-19,cash_distribution,0.423,2026-10-10T01:43:04.018451+00:00,yfinance-1.5.2:2026-10-10T01:43:04.018451+00:00
yahoo-ticker:XLF,XLF,2022-09-19,cash_distribution,0.173,2026-10-10T01:43:04.466526+00:00,yfinance-1.5.2:2026-10-10T01:43:04.466526+00:00
yahoo-ticker:XLI,XLI,2022-09-19,cash_distribution,0.425,2026-10-10T01:43:04.894763+00:00,yfinance-1.5.2:2026-10-10T01:43:04.894763+00:00
yahoo-ticker:XLK,XLK,2022-09-19,cash_distribution,0.1585,2026-10-10T01:43:05.330588+00:00,yfinance-1.5.2:2026-10-10T01:43:05.330588+00:00
yahoo-ticker:XLP,XLP,2022-09-19,cash_distribution,0.461,2026-10-10T01:43:05.749242+00:00,yfinance-1.5.2:2026-10-10T01:43:05.749242+00:00
yahoo-ticker:XLU,XLU,2022-09-19,cash_distribution,0.2505,2026-10-10T01:43:06.185048+00:00,yfinance-1.5.2:2026-10-10T01:43:06.185048+00:00
yahoo-ticker:XLV,XLV,2022-09-19,cash_distribution,0.506,2026-10-10T01:43:06.570262+00:00,yfinance-1.5.2:2026-10-10T01:43:06.570262+00:00
yahoo-ticker:XLY,XLY,2022-09-19,cash_distribution,0.165,2026-10-10T01:43:07.010195+00:00,yfinance-1.5.2:2026-10-10T01:43:07.010195+00:00
yahoo-ticker:VNQ,VNQ,2022-09-23,cash_distribution,0.916,2026-10-10T01:43:02.060468+00:00,yfinance-1.5.2:2026-10-10T01:43:02.060468+00:00
yahoo-ticker:VTV,VTV,2022-09-23,cash_distribution,0.864,2026-10-10T01:43:02.424133+00:00,yfinance-1.5.2:2026-10-10T01:43:02.424133+00:00
yahoo-ticker:VUG,VUG,2022-09-23,cash_distribution,0.071667,2026-10-10T01:43:02.762619+00:00,yfinance-1.5.2:2026-10-10T01:43:02.762619+00:00
yahoo-ticker:IWM,IWM,2022-09-26,cash_distribution,0.861,2026-10-10T01:42:57.484124+00:00,yfinance-1.5.2:2026-10-10T01:42:57.484124+00:00
yahoo-ticker:BIL,BIL,2022-10-03,cash_distribution,0.155,2026-10-10T01:42:54.346149+00:00,yfinance-1.5.2:2026-10-10T01:42:54.346149+00:00
yahoo-ticker:HYG,HYG,2022-10-03,cash_distribution,0.351,2026-10-10T01:42:56.450321+00:00,yfinance-1.5.2:2026-10-10T01:42:56.450321+00:00
yahoo-ticker:IEF,IEF,2022-10-03,cash_distribution,0.187,2026-10-10T01:42:57.071590+00:00,yfinance-1.5.2:2026-10-10T01:42:57.071590+00:00
yahoo-ticker:LQD,LQD,2022-10-03,cash_distribution,0.339,2026-10-10T01:42:57.875026+00:00,yfinance-1.5.2:2026-10-10T01:42:57.875026+00:00
yahoo-ticker:MBB,MBB,2022-10-03,cash_distribution,0.198,2026-10-10T01:42:58.253414+00:00,yfinance-1.5.2:2026-10-10T01:42:58.253414+00:00
yahoo-ticker:SHY,SHY,2022-10-03,cash_distribution,0.108,2026-10-10T01:42:59.247733+00:00,yfinance-1.5.2:2026-10-10T01:42:59.247733+00:00
yahoo-ticker:TLT,TLT,2022-10-03,cash_distribution,0.244,2026-10-10T01:43:00.768241+00:00,yfinance-1.5.2:2026-10-10T01:43:00.768241+00:00
yahoo-ticker:BIL,BIL,2022-11-01,cash_distribution,0.208,2026-10-10T01:42:54.346149+00:00,yfinance-1.5.2:2026-10-10T01:42:54.346149+00:00
yahoo-ticker:HYG,HYG,2022-11-01,cash_distribution,0.28,2026-10-10T01:42:56.450321+00:00,yfinance-1.5.2:2026-10-10T01:42:56.450321+00:00
yahoo-ticker:IEF,IEF,2022-11-01,cash_distribution,0.203,2026-10-10T01:42:57.071590+00:00,yfinance-1.5.2:2026-10-10T01:42:57.071590+00:00
yahoo-ticker:LQD,LQD,2022-11-01,cash_distribution,0.307,2026-10-10T01:42:57.875026+00:00,yfinance-1.5.2:2026-10-10T01:42:57.875026+00:00
yahoo-ticker:MBB,MBB,2022-11-01,cash_distribution,0.196,2026-10-10T01:42:58.253414+00:00,yfinance-1.5.2:2026-10-10T01:42:58.253414+00:00
yahoo-ticker:SHY,SHY,2022-11-01,cash_distribution,0.141,2026-10-10T01:42:59.247733+00:00,yfinance-1.5.2:2026-10-10T01:42:59.247733+00:00
yahoo-ticker:TLT,TLT,2022-11-01,cash_distribution,0.236,2026-10-10T01:43:00.768241+00:00,yfinance-1.5.2:2026-10-10T01:43:00.768241+00:00
yahoo-ticker:BIL,BIL,2022-12-01,cash_distribution,0.26,2026-10-10T01:42:54.346149+00:00,yfinance-1.5.2:2026-10-10T01:42:54.346149+00:00
yahoo-ticker:HYG,HYG,2022-12-01,cash_distribution,0.319,2026-10-10T01:42:56.450321+00:00,yfinance-1.5.2:2026-10-10T01:42:56.450321+00:00
yahoo-ticker:IEF,IEF,2022-12-01,cash_distribution,0.194,2026-10-10T01:42:57.071590+00:00,yfinance-1.5.2:2026-10-10T01:42:57.071590+00:00
yahoo-ticker:LQD,LQD,2022-12-01,cash_distribution,0.344,2026-10-10T01:42:57.875026+00:00,yfinance-1.5.2:2026-10-10T01:42:57.875026+00:00
yahoo-ticker:MBB,MBB,2022-12-01,cash_distribution,0.227,2026-10-10T01:42:58.253414+00:00,yfinance-1.5.2:2026-10-10T01:42:58.253414+00:00
yahoo-ticker:SHY,SHY,2022-12-01,cash_distribution,0.165,2026-10-10T01:42:59.247733+00:00,yfinance-1.5.2:2026-10-10T01:42:59.247733+00:00
yahoo-ticker:TIP,TIP,2022-12-01,cash_distribution,0.131,2026-10-10T01:43:00.393852+00:00,yfinance-1.5.2:2026-10-10T01:43:00.393852+00:00
yahoo-ticker:TLT,TLT,2022-12-01,cash_distribution,0.244,2026-10-10T01:43:00.768241+00:00,yfinance-1.5.2:2026-10-10T01:43:00.768241+00:00
yahoo-ticker:EEM,EEM,2022-12-13,cash_distribution,0.584,2026-10-10T01:42:55.050042+00:00,yfinance-1.5.2:2026-10-10T01:42:55.050042+00:00
yahoo-ticker:EFA,EFA,2022-12-13,cash_distribution,0.268,2026-10-10T01:42:55.419695+00:00,yfinance-1.5.2:2026-10-10T01:42:55.419695+00:00
yahoo-ticker:EWJ,EWJ,2022-12-13,cash_distribution,0.124,2026-10-10T01:42:55.842554+00:00,yfinance-1.5.2:2026-10-10T01:42:55.842554+00:00
yahoo-ticker:IWM,IWM,2022-12-13,cash_distribution,0.83,2026-10-10T01:42:57.484124+00:00,yfinance-1.5.2:2026-10-10T01:42:57.484124+00:00
yahoo-ticker:HYG,HYG,2022-12-15,cash_distribution,0.396,2026-10-10T01:42:56.450321+00:00,yfinance-1.5.2:2026-10-10T01:42:56.450321+00:00
yahoo-ticker:IEF,IEF,2022-12-15,cash_distribution,0.192,2026-10-10T01:42:57.071590+00:00,yfinance-1.5.2:2026-10-10T01:42:57.071590+00:00
yahoo-ticker:LQD,LQD,2022-12-15,cash_distribution,0.332,2026-10-10T01:42:57.875026+00:00,yfinance-1.5.2:2026-10-10T01:42:57.875026+00:00
yahoo-ticker:MBB,MBB,2022-12-15,cash_distribution,0.241,2026-10-10T01:42:58.253414+00:00,yfinance-1.5.2:2026-10-10T01:42:58.253414+00:00
yahoo-ticker:SHY,SHY,2022-12-15,cash_distribution,0.181,2026-10-10T01:42:59.247733+00:00,yfinance-1.5.2:2026-10-10T01:42:59.247733+00:00
yahoo-ticker:TIP,TIP,2022-12-15,cash_distribution,0.349,2026-10-10T01:43:00.393852+00:00,yfinance-1.5.2:2026-10-10T01:43:00.393852+00:00
yahoo-ticker:TLT,TLT,2022-12-15,cash_distribution,0.261,2026-10-10T01:43:00.768241+00:00,yfinance-1.5.2:2026-10-10T01:43:00.768241+00:00
yahoo-ticker:SPY,SPY,2022-12-16,cash_distribution,1.781,2026-10-10T01:42:59.974995+00:00,yfinance-1.5.2:2026-10-10T01:42:59.974995+00:00
yahoo-ticker:BIL,BIL,2022-12-19,cash_distribution,0.271,2026-10-10T01:42:54.346149+00:00,yfinance-1.5.2:2026-10-10T01:42:54.346149+00:00
yahoo-ticker:DBA,DBA,2022-12-19,cash_distribution,0.096,2026-10-10T01:42:54.687713+00:00,yfinance-1.5.2:2026-10-10T01:42:54.687713+00:00
yahoo-ticker:PDBC,PDBC,2022-12-19,cash_distribution,1.928,2026-10-10T01:42:58.484360+00:00,yfinance-1.5.2:2026-10-10T01:42:58.484360+00:00
yahoo-ticker:QQQ,QQQ,2022-12-19,cash_distribution,0.655,2026-10-10T01:42:58.808927+00:00,yfinance-1.5.2:2026-10-10T01:42:58.808927+00:00
yahoo-ticker:UUP,UUP,2022-12-19,cash_distribution,0.247,2026-10-10T01:43:01.392906+00:00,yfinance-1.5.2:2026-10-10T01:43:01.392906+00:00
yahoo-ticker:VEA,VEA,2022-12-19,cash_distribution,0.49,2026-10-10T01:43:01.730564+00:00,yfinance-1.5.2:2026-10-10T01:43:01.730564+00:00
yahoo-ticker:VWO,VWO,2022-12-19,cash_distribution,0.635,2026-10-10T01:43:03.149780+00:00,yfinance-1.5.2:2026-10-10T01:43:03.149780+00:00
yahoo-ticker:XLB,XLB,2022-12-19,cash_distribution,0.2545,2026-10-10T01:43:03.569166+00:00,yfinance-1.5.2:2026-10-10T01:43:03.569166+00:00
yahoo-ticker:XLE,XLE,2022-12-19,cash_distribution,0.43,2026-10-10T01:43:04.018451+00:00,yfinance-1.5.2:2026-10-10T01:43:04.018451+00:00
yahoo-ticker:XLF,XLF,2022-12-19,cash_distribution,0.21,2026-10-10T01:43:04.466526+00:00,yfinance-1.5.2:2026-10-10T01:43:04.466526+00:00
yahoo-ticker:XLI,XLI,2022-12-19,cash_distribution,0.466,2026-10-10T01:43:04.894763+00:00,yfinance-1.5.2:2026-10-10T01:43:04.894763+00:00
yahoo-ticker:XLK,XLK,2022-12-19,cash_distribution,0.1825,2026-10-10T01:43:05.330588+00:00,yfinance-1.5.2:2026-10-10T01:43:05.330588+00:00
yahoo-ticker:XLP,XLP,2022-12-19,cash_distribution,0.533,2026-10-10T01:43:05.749242+00:00,yfinance-1.5.2:2026-10-10T01:43:05.749242+00:00
yahoo-ticker:XLU,XLU,2022-12-19,cash_distribution,0.286,2026-10-10T01:43:06.185048+00:00,yfinance-1.5.2:2026-10-10T01:43:06.185048+00:00
yahoo-ticker:XLV,XLV,2022-12-19,cash_distribution,0.556,2026-10-10T01:43:06.570262+00:00,yfinance-1.5.2:2026-10-10T01:43:06.570262+00:00
yahoo-ticker:XLY,XLY,2022-12-19,cash_distribution,0.183,2026-10-10T01:43:07.010195+00:00,yfinance-1.5.2:2026-10-10T01:43:07.010195+00:00
yahoo-ticker:VNQ,VNQ,2022-12-22,cash_distribution,1.164,2026-10-10T01:43:02.060468+00:00,yfinance-1.5.2:2026-10-10T01:43:02.060468+00:00
yahoo-ticker:VTV,VTV,2022-12-22,cash_distribution,1.041,2026-10-10T01:43:02.424133+00:00,yfinance-1.5.2:2026-10-10T01:43:02.424133+00:00
yahoo-ticker:VUG,VUG,2022-12-22,cash_distribution,0.074667,2026-10-10T01:43:02.762619+00:00,yfinance-1.5.2:2026-10-10T01:43:02.762619+00:00
yahoo-ticker:BIL,BIL,2023-02-01,cash_distribution,0.336,2026-10-10T01:42:54.346149+00:00,yfinance-1.5.2:2026-10-10T01:42:54.346149+00:00
yahoo-ticker:HYG,HYG,2023-02-01,cash_distribution,0.368,2026-10-10T01:42:56.450321+00:00,yfinance-1.5.2:2026-10-10T01:42:56.450321+00:00
yahoo-ticker:IEF,IEF,2023-02-01,cash_distribution,0.212,2026-10-10T01:42:57.071590+00:00,yfinance-1.5.2:2026-10-10T01:42:57.071590+00:00
yahoo-ticker:LQD,LQD,2023-02-01,cash_distribution,0.342,2026-10-10T01:42:57.875026+00:00,yfinance-1.5.2:2026-10-10T01:42:57.875026+00:00
yahoo-ticker:MBB,MBB,2023-02-01,cash_distribution,0.243,2026-10-10T01:42:58.253414+00:00,yfinance-1.5.2:2026-10-10T01:42:58.253414+00:00
yahoo-ticker:SHY,SHY,2023-02-01,cash_distribution,0.152,2026-10-10T01:42:59.247733+00:00,yfinance-1.5.2:2026-10-10T01:42:59.247733+00:00
yahoo-ticker:TLT,TLT,2023-02-01,cash_distribution,0.275,2026-10-10T01:43:00.768241+00:00,yfinance-1.5.2:2026-10-10T01:43:00.768241+00:00
yahoo-ticker:BIL,BIL,2023-03-01,cash_distribution,0.255,2026-10-10T01:42:54.346149+00:00,yfinance-1.5.2:2026-10-10T01:42:54.346149+00:00
yahoo-ticker:HYG,HYG,2023-03-01,cash_distribution,0.45,2026-10-10T01:42:56.450321+00:00,yfinance-1.5.2:2026-10-10T01:42:56.450321+00:00
yahoo-ticker:IEF,IEF,2023-03-01,cash_distribution,0.196,2026-10-10T01:42:57.071590+00:00,yfinance-1.5.2:2026-10-10T01:42:57.071590+00:00
yahoo-ticker:LQD,LQD,2023-03-01,cash_distribution,0.372,2026-10-10T01:42:57.875026+00:00,yfinance-1.5.2:2026-10-10T01:42:57.875026+00:00
yahoo-ticker:MBB,MBB,2023-03-01,cash_distribution,0.25,2026-10-10T01:42:58.253414+00:00,yfinance-1.5.2:2026-10-10T01:42:58.253414+00:00
yahoo-ticker:SHY,SHY,2023-03-01,cash_distribution,0.162,2026-10-10T01:42:59.247733+00:00,yfinance-1.5.2:2026-10-10T01:42:59.247733+00:00
yahoo-ticker:TLT,TLT,2023-03-01,cash_distribution,0.25,2026-10-10T01:43:00.768241+00:00,yfinance-1.5.2:2026-10-10T01:43:00.768241+00:00
yahoo-ticker:SPY,SPY,2023-03-17,cash_distribution,1.506,2026-10-10T01:42:59.974995+00:00,yfinance-1.5.2:2026-10-10T01:42:59.974995+00:00
yahoo-ticker:QQQ,QQQ,2023-03-20,cash_distribution,0.472,2026-10-10T01:42:58.808927+00:00,yfinance-1.5.2:2026-10-10T01:42:58.808927+00:00
yahoo-ticker:VEA,VEA,2023-03-20,cash_distribution,0.16,2026-10-10T01:43:01.730564+00:00,yfinance-1.5.2:2026-10-10T01:43:01.730564+00:00
yahoo-ticker:VWO,VWO,2023-03-20,cash_distribution,0.028,2026-10-10T01:43:03.149780+00:00,yfinance-1.5.2:2026-10-10T01:43:03.149780+00:00
yahoo-ticker:XLB,XLB,2023-03-20,cash_distribution,0.1635,2026-10-10T01:43:03.569166+00:00,yfinance-1.5.2:2026-10-10T01:43:03.569166+00:00
yahoo-ticker:XLE,XLE,2023-03-20,cash_distribution,0.3975,2026-10-10T01:43:04.018451+00:00,yfinance-1.5.2:2026-10-10T01:43:04.018451+00:00
yahoo-ticker:XLF,XLF,2023-03-20,cash_distribution,0.153,2026-10-10T01:43:04.466526+00:00,yfinance-1.5.2:2026-10-10T01:43:04.466526+00:00
yahoo-ticker:XLI,XLI,2023-03-20,cash_distribution,0.395,2026-10-10T01:43:04.894763+00:00,yfinance-1.5.2:2026-10-10T01:43:04.894763+00:00
yahoo-ticker:XLK,XLK,2023-03-20,cash_distribution,0.158,2026-10-10T01:43:05.330588+00:00,yfinance-1.5.2:2026-10-10T01:43:05.330588+00:00
yahoo-ticker:XLP,XLP,2023-03-20,cash_distribution,0.345,2026-10-10T01:43:05.749242+00:00,yfinance-1.5.2:2026-10-10T01:43:05.749242+00:00
yahoo-ticker:XLU,XLU,2023-03-20,cash_distribution,0.245,2026-10-10T01:43:06.185048+00:00,yfinance-1.5.2:2026-10-10T01:43:06.185048+00:00
yahoo-ticker:XLV,XLV,2023-03-20,cash_distribution,0.489,2026-10-10T01:43:06.570262+00:00,yfinance-1.5.2:2026-10-10T01:43:06.570262+00:00
yahoo-ticker:XLY,XLY,2023-03-20,cash_distribution,0.215,2026-10-10T01:43:07.010195+00:00,yfinance-1.5.2:2026-10-10T01:43:07.010195+00:00
yahoo-ticker:IWM,IWM,2023-03-23,cash_distribution,0.631,2026-10-10T01:42:57.484124+00:00,yfinance-1.5.2:2026-10-10T01:42:57.484124+00:00
yahoo-ticker:VTV,VTV,2023-03-23,cash_distribution,0.822,2026-10-10T01:43:02.424133+00:00,yfinance-1.5.2:2026-10-10T01:43:02.424133+00:00
yahoo-ticker:VUG,VUG,2023-03-23,cash_distribution,0.0715,2026-10-10T01:43:02.762619+00:00,yfinance-1.5.2:2026-10-10T01:43:02.762619+00:00
yahoo-ticker:VNQ,VNQ,2023-03-24,cash_distribution,0.77,2026-10-10T01:43:02.060468+00:00,yfinance-1.5.2:2026-10-10T01:43:02.060468+00:00
yahoo-ticker:BIL,BIL,2023-04-03,cash_distribution,0.372,2026-10-10T01:42:54.346149+00:00,yfinance-1.5.2:2026-10-10T01:42:54.346149+00:00
yahoo-ticker:HYG,HYG,2023-04-03,cash_distribution,0.342,2026-10-10T01:42:56.450321+00:00,yfinance-1.5.2:2026-10-10T01:42:56.450321+00:00
yahoo-ticker:IEF,IEF,2023-04-03,cash_distribution,0.196,2026-10-10T01:42:57.071590+00:00,yfinance-1.5.2:2026-10-10T01:42:57.071590+00:00
yahoo-ticker:LQD,LQD,2023-04-03,cash_distribution,0.34,2026-10-10T01:42:57.875026+00:00,yfinance-1.5.2:2026-10-10T01:42:57.875026+00:00
yahoo-ticker:MBB,MBB,2023-04-03,cash_distribution,0.251,2026-10-10T01:42:58.253414+00:00,yfinance-1.5.2:2026-10-10T01:42:58.253414+00:00
yahoo-ticker:SHY,SHY,2023-04-03,cash_distribution,0.18,2026-10-10T01:42:59.247733+00:00,yfinance-1.5.2:2026-10-10T01:42:59.247733+00:00
yahoo-ticker:TIP,TIP,2023-04-03,cash_distribution,0.127,2026-10-10T01:43:00.393852+00:00,yfinance-1.5.2:2026-10-10T01:43:00.393852+00:00
yahoo-ticker:TLT,TLT,2023-04-03,cash_distribution,0.269,2026-10-10T01:43:00.768241+00:00,yfinance-1.5.2:2026-10-10T01:43:00.768241+00:00
yahoo-ticker:BIL,BIL,2023-05-01,cash_distribution,0.353,2026-10-10T01:42:54.346149+00:00,yfinance-1.5.2:2026-10-10T01:42:54.346149+00:00
yahoo-ticker:HYG,HYG,2023-05-01,cash_distribution,0.326,2026-10-10T01:42:56.450321+00:00,yfinance-1.5.2:2026-10-10T01:42:56.450321+00:00
yahoo-ticker:IEF,IEF,2023-05-01,cash_distribution,0.239,2026-10-10T01:42:57.071590+00:00,yfinance-1.5.2:2026-10-10T01:42:57.071590+00:00
yahoo-ticker:LQD,LQD,2023-05-01,cash_distribution,0.372,2026-10-10T01:42:57.875026+00:00,yfinance-1.5.2:2026-10-10T01:42:57.875026+00:00
yahoo-ticker:MBB,MBB,2023-05-01,cash_distribution,0.26,2026-10-10T01:42:58.253414+00:00,yfinance-1.5.2:2026-10-10T01:42:58.253414+00:00
yahoo-ticker:SHY,SHY,2023-05-01,cash_distribution,0.191,2026-10-10T01:42:59.247733+00:00,yfinance-1.5.2:2026-10-10T01:42:59.247733+00:00
yahoo-ticker:TIP,TIP,2023-05-01,cash_distribution,0.569,2026-10-10T01:43:00.393852+00:00,yfinance-1.5.2:2026-10-10T01:43:00.393852+00:00
yahoo-ticker:TLT,TLT,2023-05-01,cash_distribution,0.268,2026-10-10T01:43:00.768241+00:00,yfinance-1.5.2:2026-10-10T01:43:00.768241+00:00
yahoo-ticker:BIL,BIL,2023-06-01,cash_distribution,0.371,2026-10-10T01:42:54.346149+00:00,yfinance-1.5.2:2026-10-10T01:42:54.346149+00:00
yahoo-ticker:HYG,HYG,2023-06-01,cash_distribution,0.353,2026-10-10T01:42:56.450321+00:00,yfinance-1.5.2:2026-10-10T01:42:56.450321+00:00
yahoo-ticker:IEF,IEF,2023-06-01,cash_distribution,0.232,2026-10-10T01:42:57.071590+00:00,yfinance-1.5.2:2026-10-10T01:42:57.071590+00:00
yahoo-ticker:LQD,LQD,2023-06-01,cash_distribution,0.349,2026-10-10T01:42:57.875026+00:00,yfinance-1.5.2:2026-10-10T01:42:57.875026+00:00
yahoo-ticker:MBB,MBB,2023-06-01,cash_distribution,0.269,2026-10-10T01:42:58.253414+00:00,yfinance-1.5.2:2026-10-10T01:42:58.253414+00:00
yahoo-ticker:SHY,SHY,2023-06-01,cash_distribution,0.197,2026-10-10T01:42:59.247733+00:00,yfinance-1.5.2:2026-10-10T01:42:59.247733+00:00
yahoo-ticker:TIP,TIP,2023-06-01,cash_distribution,0.313,2026-10-10T01:43:00.393852+00:00,yfinance-1.5.2:2026-10-10T01:43:00.393852+00:00
yahoo-ticker:TLT,TLT,2023-06-01,cash_distribution,0.273,2026-10-10T01:43:00.768241+00:00,yfinance-1.5.2:2026-10-10T01:43:00.768241+00:00
yahoo-ticker:EEM,EEM,2023-06-07,cash_distribution,0.31,2026-10-10T01:42:55.050042+00:00,yfinance-1.5.2:2026-10-10T01:42:55.050042+00:00
yahoo-ticker:EFA,EFA,2023-06-07,cash_distribution,1.311,2026-10-10T01:42:55.419695+00:00,yfinance-1.5.2:2026-10-10T01:42:55.419695+00:00
yahoo-ticker:EWJ,EWJ,2023-06-07,cash_distribution,0.431,2026-10-10T01:42:55.842554+00:00,yfinance-1.5.2:2026-10-10T01:42:55.842554+00:00
yahoo-ticker:IWM,IWM,2023-06-07,cash_distribution,0.509,2026-10-10T01:42:57.484124+00:00,yfinance-1.5.2:2026-10-10T01:42:57.484124+00:00
yahoo-ticker:SPY,SPY,2023-06-16,cash_distribution,1.638,2026-10-10T01:42:59.974995+00:00,yfinance-1.5.2:2026-10-10T01:42:59.974995+00:00
yahoo-ticker:QQQ,QQQ,2023-06-20,cash_distribution,0.504,2026-10-10T01:42:58.808927+00:00,yfinance-1.5.2:2026-10-10T01:42:58.808927+00:00
yahoo-ticker:VEA,VEA,2023-06-20,cash_distribution,0.432,2026-10-10T01:43:01.730564+00:00,yfinance-1.5.2:2026-10-10T01:43:01.730564+00:00
yahoo-ticker:VWO,VWO,2023-06-20,cash_distribution,0.227,2026-10-10T01:43:03.149780+00:00,yfinance-1.5.2:2026-10-10T01:43:03.149780+00:00
yahoo-ticker:XLB,XLB,2023-06-20,cash_distribution,0.1995,2026-10-10T01:43:03.569166+00:00,yfinance-1.5.2:2026-10-10T01:43:03.569166+00:00
yahoo-ticker:XLE,XLE,2023-06-20,cash_distribution,0.353,2026-10-10T01:43:04.018451+00:00,yfinance-1.5.2:2026-10-10T01:43:04.018451+00:00
yahoo-ticker:XLF,XLF,2023-06-20,cash_distribution,0.15,2026-10-10T01:43:04.466526+00:00,yfinance-1.5.2:2026-10-10T01:43:04.466526+00:00
yahoo-ticker:XLI,XLI,2023-06-20,cash_distribution,0.42,2026-10-10T01:43:04.894763+00:00,yfinance-1.5.2:2026-10-10T01:43:04.894763+00:00
yahoo-ticker:XLK,XLK,2023-06-20,cash_distribution,0.181,2026-10-10T01:43:05.330588+00:00,yfinance-1.5.2:2026-10-10T01:43:05.330588+00:00
yahoo-ticker:XLP,XLP,2023-06-20,cash_distribution,0.526,2026-10-10T01:43:05.749242+00:00,yfinance-1.5.2:2026-10-10T01:43:05.749242+00:00
yahoo-ticker:XLU,XLU,2023-06-20,cash_distribution,0.2685,2026-10-10T01:43:06.185048+00:00,yfinance-1.5.2:2026-10-10T01:43:06.185048+00:00
yahoo-ticker:XLV,XLV,2023-06-20,cash_distribution,0.542,2026-10-10T01:43:06.570262+00:00,yfinance-1.5.2:2026-10-10T01:43:06.570262+00:00
yahoo-ticker:XLY,XLY,2023-06-20,cash_distribution,0.167,2026-10-10T01:43:07.010195+00:00,yfinance-1.5.2:2026-10-10T01:43:07.010195+00:00
yahoo-ticker:VTV,VTV,2023-06-23,cash_distribution,0.921,2026-10-10T01:43:02.424133+00:00,yfinance-1.5.2:2026-10-10T01:43:02.424133+00:00
yahoo-ticker:VUG,VUG,2023-06-23,cash_distribution,0.068667,2026-10-10T01:43:02.762619+00:00,yfinance-1.5.2:2026-10-10T01:43:02.762619+00:00
yahoo-ticker:VNQ,VNQ,2023-06-29,cash_distribution,0.928,2026-10-10T01:43:02.060468+00:00,yfinance-1.5.2:2026-10-10T01:43:02.060468+00:00
yahoo-ticker:BIL,BIL,2023-07-03,cash_distribution,0.373,2026-10-10T01:42:54.346149+00:00,yfinance-1.5.2:2026-10-10T01:42:54.346149+00:00
yahoo-ticker:HYG,HYG,2023-07-03,cash_distribution,0.403,2026-10-10T01:42:56.450321+00:00,yfinance-1.5.2:2026-10-10T01:42:56.450321+00:00
yahoo-ticker:IEF,IEF,2023-07-03,cash_distribution,0.232,2026-10-10T01:42:57.071590+00:00,yfinance-1.5.2:2026-10-10T01:42:57.071590+00:00
yahoo-ticker:LQD,LQD,2023-07-03,cash_distribution,0.348,2026-10-10T01:42:57.875026+00:00,yfinance-1.5.2:2026-10-10T01:42:57.875026+00:00
yahoo-ticker:MBB,MBB,2023-07-03,cash_distribution,0.264,2026-10-10T01:42:58.253414+00:00,yfinance-1.5.2:2026-10-10T01:42:58.253414+00:00
yahoo-ticker:SHY,SHY,2023-07-03,cash_distribution,0.206,2026-10-10T01:42:59.247733+00:00,yfinance-1.5.2:2026-10-10T01:42:59.247733+00:00
yahoo-ticker:TIP,TIP,2023-07-03,cash_distribution,0.504,2026-10-10T01:43:00.393852+00:00,yfinance-1.5.2:2026-10-10T01:43:00.393852+00:00
yahoo-ticker:TLT,TLT,2023-07-03,cash_distribution,0.278,2026-10-10T01:43:00.768241+00:00,yfinance-1.5.2:2026-10-10T01:43:00.768241+00:00
yahoo-ticker:BIL,BIL,2023-08-01,cash_distribution,0.394,2026-10-10T01:42:54.346149+00:00,yfinance-1.5.2:2026-10-10T01:42:54.346149+00:00
yahoo-ticker:HYG,HYG,2023-08-01,cash_distribution,0.358,2026-10-10T01:42:56.450321+00:00,yfinance-1.5.2:2026-10-10T01:42:56.450321+00:00
yahoo-ticker:IEF,IEF,2023-08-01,cash_distribution,0.242,2026-10-10T01:42:57.071590+00:00,yfinance-1.5.2:2026-10-10T01:42:57.071590+00:00
yahoo-ticker:LQD,LQD,2023-08-01,cash_distribution,0.369,2026-10-10T01:42:57.875026+00:00,yfinance-1.5.2:2026-10-10T01:42:57.875026+00:00
yahoo-ticker:MBB,MBB,2023-08-01,cash_distribution,0.276,2026-10-10T01:42:58.253414+00:00,yfinance-1.5.2:2026-10-10T01:42:58.253414+00:00
yahoo-ticker:SHY,SHY,2023-08-01,cash_distribution,0.212,2026-10-10T01:42:59.247733+00:00,yfinance-1.5.2:2026-10-10T01:42:59.247733+00:00
yahoo-ticker:TIP,TIP,2023-08-01,cash_distribution,0.221,2026-10-10T01:43:00.393852+00:00,yfinance-1.5.2:2026-10-10T01:43:00.393852+00:00
yahoo-ticker:TLT,TLT,2023-08-01,cash_distribution,0.275,2026-10-10T01:43:00.768241+00:00,yfinance-1.5.2:2026-10-10T01:43:00.768241+00:00
yahoo-ticker:BIL,BIL,2023-09-01,cash_distribution,0.405,2026-10-10T01:42:54.346149+00:00,yfinance-1.5.2:2026-10-10T01:42:54.346149+00:00
yahoo-ticker:HYG,HYG,2023-09-01,cash_distribution,0.351,2026-10-10T01:42:56.450321+00:00,yfinance-1.5.2:2026-10-10T01:42:56.450321+00:00
yahoo-ticker:IEF,IEF,2023-09-01,cash_distribution,0.242,2026-10-10T01:42:57.071590+00:00,yfinance-1.5.2:2026-10-10T01:42:57.071590+00:00
yahoo-ticker:LQD,LQD,2023-09-01,cash_distribution,0.377,2026-10-10T01:42:57.875026+00:00,yfinance-1.5.2:2026-10-10T01:42:57.875026+00:00
yahoo-ticker:MBB,MBB,2023-09-01,cash_distribution,0.264,2026-10-10T01:42:58.253414+00:00,yfinance-1.5.2:2026-10-10T01:42:58.253414+00:00
yahoo-ticker:SHY,SHY,2023-09-01,cash_distribution,0.206,2026-10-10T01:42:59.247733+00:00,yfinance-1.5.2:2026-10-10T01:42:59.247733+00:00
yahoo-ticker:TIP,TIP,2023-09-01,cash_distribution,0.323,2026-10-10T01:43:00.393852+00:00,yfinance-1.5.2:2026-10-10T01:43:00.393852+00:00
yahoo-ticker:TLT,TLT,2023-09-01,cash_distribution,0.289,2026-10-10T01:43:00.768241+00:00,yfinance-1.5.2:2026-10-10T01:43:00.768241+00:00
yahoo-ticker:SPY,SPY,2023-09-15,cash_distribution,1.583,2026-10-10T01:42:59.974995+00:00,yfinance-1.5.2:2026-10-10T01:42:59.974995+00:00
yahoo-ticker:QQQ,QQQ,2023-09-18,cash_distribution,0.536,2026-10-10T01:42:58.808927+00:00,yfinance-1.5.2:2026-10-10T01:42:58.808927+00:00
yahoo-ticker:VEA,VEA,2023-09-18,cash_distribution,0.31,2026-10-10T01:43:01.730564+00:00,yfinance-1.5.2:2026-10-10T01:43:01.730564+00:00
yahoo-ticker:VWO,VWO,2023-09-18,cash_distribution,0.328,2026-10-10T01:43:03.149780+00:00,yfinance-1.5.2:2026-10-10T01:43:03.149780+00:00
yahoo-ticker:XLB,XLB,2023-09-18,cash_distribution,0.196,2026-10-10T01:43:03.569166+00:00,yfinance-1.5.2:2026-10-10T01:43:03.569166+00:00
yahoo-ticker:XLE,XLE,2023-09-18,cash_distribution,0.337,2026-10-10T01:43:04.018451+00:00,yfinance-1.5.2:2026-10-10T01:43:04.018451+00:00
yahoo-ticker:XLF,XLF,2023-09-18,cash_distribution,0.155,2026-10-10T01:43:04.466526+00:00,yfinance-1.5.2:2026-10-10T01:43:04.466526+00:00
yahoo-ticker:XLI,XLI,2023-09-18,cash_distribution,0.426,2026-10-10T01:43:04.894763+00:00,yfinance-1.5.2:2026-10-10T01:43:04.894763+00:00
yahoo-ticker:XLK,XLK,2023-09-18,cash_distribution,0.18,2026-10-10T01:43:05.330588+00:00,yfinance-1.5.2:2026-10-10T01:43:05.330588+00:00
yahoo-ticker:XLP,XLP,2023-09-18,cash_distribution,0.485,2026-10-10T01:43:05.749242+00:00,yfinance-1.5.2:2026-10-10T01:43:05.749242+00:00
yahoo-ticker:XLU,XLU,2023-09-18,cash_distribution,0.261,2026-10-10T01:43:06.185048+00:00,yfinance-1.5.2:2026-10-10T01:43:06.185048+00:00
yahoo-ticker:XLV,XLV,2023-09-18,cash_distribution,0.54,2026-10-10T01:43:06.570262+00:00,yfinance-1.5.2:2026-10-10T01:43:06.570262+00:00
yahoo-ticker:XLY,XLY,2023-09-18,cash_distribution,0.1525,2026-10-10T01:43:07.010195+00:00,yfinance-1.5.2:2026-10-10T01:43:07.010195+00:00
yahoo-ticker:VTV,VTV,2023-09-21,cash_distribution,0.897,2026-10-10T01:43:02.424133+00:00,yfinance-1.5.2:2026-10-10T01:43:02.424133+00:00
yahoo-ticker:VUG,VUG,2023-09-21,cash_distribution,0.062667,2026-10-10T01:43:02.762619+00:00,yfinance-1.5.2:2026-10-10T01:43:02.762619+00:00
yahoo-ticker:IWM,IWM,2023-09-26,cash_distribution,0.829,2026-10-10T01:42:57.484124+00:00,yfinance-1.5.2:2026-10-10T01:42:57.484124+00:00
yahoo-ticker:VNQ,VNQ,2023-09-28,cash_distribution,0.727,2026-10-10T01:43:02.060468+00:00,yfinance-1.5.2:2026-10-10T01:43:02.060468+00:00
yahoo-ticker:BIL,BIL,2023-10-02,cash_distribution,0.394,2026-10-10T01:42:54.346149+00:00,yfinance-1.5.2:2026-10-10T01:42:54.346149+00:00
yahoo-ticker:HYG,HYG,2023-10-02,cash_distribution,0.385,2026-10-10T01:42:56.450321+00:00,yfinance-1.5.2:2026-10-10T01:42:56.450321+00:00
yahoo-ticker:IEF,IEF,2023-10-02,cash_distribution,0.239,2026-10-10T01:42:57.071590+00:00,yfinance-1.5.2:2026-10-10T01:42:57.071590+00:00
yahoo-ticker:LQD,LQD,2023-10-02,cash_distribution,0.399,2026-10-10T01:42:57.875026+00:00,yfinance-1.5.2:2026-10-10T01:42:57.875026+00:00
yahoo-ticker:MBB,MBB,2023-10-02,cash_distribution,0.29,2026-10-10T01:42:58.253414+00:00,yfinance-1.5.2:2026-10-10T01:42:58.253414+00:00
yahoo-ticker:SHY,SHY,2023-10-02,cash_distribution,0.209,2026-10-10T01:42:59.247733+00:00,yfinance-1.5.2:2026-10-10T01:42:59.247733+00:00
yahoo-ticker:TIP,TIP,2023-10-02,cash_distribution,0.171,2026-10-10T01:43:00.393852+00:00,yfinance-1.5.2:2026-10-10T01:43:00.393852+00:00
yahoo-ticker:TLT,TLT,2023-10-02,cash_distribution,0.28,2026-10-10T01:43:00.768241+00:00,yfinance-1.5.2:2026-10-10T01:43:00.768241+00:00
yahoo-ticker:BIL,BIL,2023-11-01,cash_distribution,0.408,2026-10-10T01:42:54.346149+00:00,yfinance-1.5.2:2026-10-10T01:42:54.346149+00:00
yahoo-ticker:HYG,HYG,2023-11-01,cash_distribution,0.388,2026-10-10T01:42:56.450321+00:00,yfinance-1.5.2:2026-10-10T01:42:56.450321+00:00
yahoo-ticker:IEF,IEF,2023-11-01,cash_distribution,0.249,2026-10-10T01:42:57.071590+00:00,yfinance-1.5.2:2026-10-10T01:42:57.071590+00:00
yahoo-ticker:LQD,LQD,2023-11-01,cash_distribution,0.364,2026-10-10T01:42:57.875026+00:00,yfinance-1.5.2:2026-10-10T01:42:57.875026+00:00
yahoo-ticker:MBB,MBB,2023-11-01,cash_distribution,0.274,2026-10-10T01:42:58.253414+00:00,yfinance-1.5.2:2026-10-10T01:42:58.253414+00:00
yahoo-ticker:SHY,SHY,2023-11-01,cash_distribution,0.23,2026-10-10T01:42:59.247733+00:00,yfinance-1.5.2:2026-10-10T01:42:59.247733+00:00
yahoo-ticker:TIP,TIP,2023-11-01,cash_distribution,0.452,2026-10-10T01:43:00.393852+00:00,yfinance-1.5.2:2026-10-10T01:43:00.393852+00:00
yahoo-ticker:TLT,TLT,2023-11-01,cash_distribution,0.286,2026-10-10T01:43:00.768241+00:00,yfinance-1.5.2:2026-10-10T01:43:00.768241+00:00
yahoo-ticker:BIL,BIL,2023-12-01,cash_distribution,0.419,2026-10-10T01:42:54.346149+00:00,yfinance-1.5.2:2026-10-10T01:42:54.346149+00:00
yahoo-ticker:HYG,HYG,2023-12-01,cash_distribution,0.344,2026-10-10T01:42:56.450321+00:00,yfinance-1.5.2:2026-10-10T01:42:56.450321+00:00
yahoo-ticker:IEF,IEF,2023-12-01,cash_distribution,0.249,2026-10-10T01:42:57.071590+00:00,yfinance-1.5.2:2026-10-10T01:42:57.071590+00:00
yahoo-ticker:LQD,LQD,2023-12-01,cash_distribution,0.395,2026-10-10T01:42:57.875026+00:00,yfinance-1.5.2:2026-10-10T01:42:57.875026+00:00
yahoo-ticker:MBB,MBB,2023-12-01,cash_distribution,0.28,2026-10-10T01:42:58.253414+00:00,yfinance-1.5.2:2026-10-10T01:42:58.253414+00:00
yahoo-ticker:SHY,SHY,2023-12-01,cash_distribution,0.247,2026-10-10T01:42:59.247733+00:00,yfinance-1.5.2:2026-10-10T01:42:59.247733+00:00
yahoo-ticker:TIP,TIP,2023-12-01,cash_distribution,0.256,2026-10-10T01:43:00.393852+00:00,yfinance-1.5.2:2026-10-10T01:43:00.393852+00:00
yahoo-ticker:TLT,TLT,2023-12-01,cash_distribution,0.289,2026-10-10T01:43:00.768241+00:00,yfinance-1.5.2:2026-10-10T01:43:00.768241+00:00
yahoo-ticker:HYG,HYG,2023-12-14,cash_distribution,0.379,2026-10-10T01:42:56.450321+00:00,yfinance-1.5.2:2026-10-10T01:42:56.450321+00:00
yahoo-ticker:IEF,IEF,2023-12-14,cash_distribution,0.282,2026-10-10T01:42:57.071590+00:00,yfinance-1.5.2:2026-10-10T01:42:57.071590+00:00
yahoo-ticker:LQD,LQD,2023-12-14,cash_distribution,0.393,2026-10-10T01:42:57.875026+00:00,yfinance-1.5.2:2026-10-10T01:42:57.875026+00:00
yahoo-ticker:MBB,MBB,2023-12-14,cash_distribution,0.276,2026-10-10T01:42:58.253414+00:00,yfinance-1.5.2:2026-10-10T01:42:58.253414+00:00
yahoo-ticker:SHY,SHY,2023-12-14,cash_distribution,0.26,2026-10-10T01:42:59.247733+00:00,yfinance-1.5.2:2026-10-10T01:42:59.247733+00:00
yahoo-ticker:TLT,TLT,2023-12-14,cash_distribution,0.311,2026-10-10T01:43:00.768241+00:00,yfinance-1.5.2:2026-10-10T01:43:00.768241+00:00
yahoo-ticker:SPY,SPY,2023-12-15,cash_distribution,1.906,2026-10-10T01:42:59.974995+00:00,yfinance-1.5.2:2026-10-10T01:42:59.974995+00:00
yahoo-ticker:BIL,BIL,2023-12-18,cash_distribution,0.421,2026-10-10T01:42:54.346149+00:00,yfinance-1.5.2:2026-10-10T01:42:54.346149+00:00
yahoo-ticker:DBA,DBA,2023-12-18,cash_distribution,0.96,2026-10-10T01:42:54.687713+00:00,yfinance-1.5.2:2026-10-10T01:42:54.687713+00:00
yahoo-ticker:PDBC,PDBC,2023-12-18,cash_distribution,0.56,2026-10-10T01:42:58.484360+00:00,yfinance-1.5.2:2026-10-10T01:42:58.484360+00:00
yahoo-ticker:QQQ,QQQ,2023-12-18,cash_distribution,0.808,2026-10-10T01:42:58.808927+00:00,yfinance-1.5.2:2026-10-10T01:42:58.808927+00:00
yahoo-ticker:UUP,UUP,2023-12-18,cash_distribution,1.746,2026-10-10T01:43:01.392906+00:00,yfinance-1.5.2:2026-10-10T01:43:01.392906+00:00
yahoo-ticker:VEA,VEA,2023-12-18,cash_distribution,0.61,2026-10-10T01:43:01.730564+00:00,yfinance-1.5.2:2026-10-10T01:43:01.730564+00:00
yahoo-ticker:VWO,VWO,2023-12-18,cash_distribution,0.865,2026-10-10T01:43:03.149780+00:00,yfinance-1.5.2:2026-10-10T01:43:03.149780+00:00
yahoo-ticker:XLB,XLB,2023-12-18,cash_distribution,0.2955,2026-10-10T01:43:03.569166+00:00,yfinance-1.5.2:2026-10-10T01:43:03.569166+00:00
yahoo-ticker:XLE,XLE,2023-12-18,cash_distribution,0.401,2026-10-10T01:43:04.018451+00:00,yfinance-1.5.2:2026-10-10T01:43:04.018451+00:00
yahoo-ticker:XLF,XLF,2023-12-18,cash_distribution,0.184,2026-10-10T01:43:04.466526+00:00,yfinance-1.5.2:2026-10-10T01:43:04.466526+00:00
yahoo-ticker:XLI,XLI,2023-12-18,cash_distribution,0.615,2026-10-10T01:43:04.894763+00:00,yfinance-1.5.2:2026-10-10T01:43:04.894763+00:00
yahoo-ticker:XLK,XLK,2023-12-18,cash_distribution,0.211,2026-10-10T01:43:05.330588+00:00,yfinance-1.5.2:2026-10-10T01:43:05.330588+00:00
yahoo-ticker:XLP,XLP,2023-12-18,cash_distribution,0.536,2026-10-10T01:43:05.749242+00:00,yfinance-1.5.2:2026-10-10T01:43:05.749242+00:00
yahoo-ticker:XLU,XLU,2023-12-18,cash_distribution,0.2985,2026-10-10T01:43:06.185048+00:00,yfinance-1.5.2:2026-10-10T01:43:06.185048+00:00
yahoo-ticker:XLV,XLV,2023-12-18,cash_distribution,0.598,2026-10-10T01:43:06.570262+00:00,yfinance-1.5.2:2026-10-10T01:43:06.570262+00:00
yahoo-ticker:XLY,XLY,2023-12-18,cash_distribution,0.16,2026-10-10T01:43:07.010195+00:00,yfinance-1.5.2:2026-10-10T01:43:07.010195+00:00
yahoo-ticker:EEM,EEM,2023-12-20,cash_distribution,0.748,2026-10-10T01:42:55.050042+00:00,yfinance-1.5.2:2026-10-10T01:42:55.050042+00:00
yahoo-ticker:EFA,EFA,2023-12-20,cash_distribution,0.931,2026-10-10T01:42:55.419695+00:00,yfinance-1.5.2:2026-10-10T01:42:55.419695+00:00
yahoo-ticker:EWJ,EWJ,2023-12-20,cash_distribution,0.875,2026-10-10T01:42:55.842554+00:00,yfinance-1.5.2:2026-10-10T01:42:55.842554+00:00
yahoo-ticker:IWM,IWM,2023-12-20,cash_distribution,0.734,2026-10-10T01:42:57.484124+00:00,yfinance-1.5.2:2026-10-10T01:42:57.484124+00:00
yahoo-ticker:VNQ,VNQ,2023-12-21,cash_distribution,1.068,2026-10-10T01:43:02.060468+00:00,yfinance-1.5.2:2026-10-10T01:43:02.060468+00:00
yahoo-ticker:VTV,VTV,2023-12-21,cash_distribution,1.031,2026-10-10T01:43:02.424133+00:00,yfinance-1.5.2:2026-10-10T01:43:02.424133+00:00
yahoo-ticker:VUG,VUG,2023-12-21,cash_distribution,0.0975,2026-10-10T01:43:02.762619+00:00,yfinance-1.5.2:2026-10-10T01:43:02.762619+00:00
yahoo-ticker:QQQ,QQQ,2023-12-27,cash_distribution,0.216,2026-10-10T01:42:58.808927+00:00,yfinance-1.5.2:2026-10-10T01:42:58.808927+00:00
yahoo-ticker:BIL,BIL,2024-02-01,cash_distribution,0.406,2026-10-10T01:42:54.346149+00:00,yfinance-1.5.2:2026-10-10T01:42:54.346149+00:00
yahoo-ticker:HYG,HYG,2024-02-01,cash_distribution,0.384,2026-10-10T01:42:56.450321+00:00,yfinance-1.5.2:2026-10-10T01:42:56.450321+00:00
yahoo-ticker:IEF,IEF,2024-02-01,cash_distribution,0.236,2026-10-10T01:42:57.071590+00:00,yfinance-1.5.2:2026-10-10T01:42:57.071590+00:00
yahoo-ticker:LQD,LQD,2024-02-01,cash_distribution,0.389,2026-10-10T01:42:57.875026+00:00,yfinance-1.5.2:2026-10-10T01:42:57.875026+00:00
yahoo-ticker:MBB,MBB,2024-02-01,cash_distribution,0.297,2026-10-10T01:42:58.253414+00:00,yfinance-1.5.2:2026-10-10T01:42:58.253414+00:00
yahoo-ticker:SHY,SHY,2024-02-01,cash_distribution,0.242,2026-10-10T01:42:59.247733+00:00,yfinance-1.5.2:2026-10-10T01:42:59.247733+00:00
yahoo-ticker:TLT,TLT,2024-02-01,cash_distribution,0.31,2026-10-10T01:43:00.768241+00:00,yfinance-1.5.2:2026-10-10T01:43:00.768241+00:00
yahoo-ticker:BIL,BIL,2024-03-01,cash_distribution,0.355,2026-10-10T01:42:54.346149+00:00,yfinance-1.5.2:2026-10-10T01:42:54.346149+00:00
yahoo-ticker:HYG,HYG,2024-03-01,cash_distribution,0.438,2026-10-10T01:42:56.450321+00:00,yfinance-1.5.2:2026-10-10T01:42:56.450321+00:00
yahoo-ticker:IEF,IEF,2024-03-01,cash_distribution,0.249,2026-10-10T01:42:57.071590+00:00,yfinance-1.5.2:2026-10-10T01:42:57.071590+00:00
yahoo-ticker:LQD,LQD,2024-03-01,cash_distribution,0.393,2026-10-10T01:42:57.875026+00:00,yfinance-1.5.2:2026-10-10T01:42:57.875026+00:00
yahoo-ticker:MBB,MBB,2024-03-01,cash_distribution,0.292,2026-10-10T01:42:58.253414+00:00,yfinance-1.5.2:2026-10-10T01:42:58.253414+00:00
yahoo-ticker:SHY,SHY,2024-03-01,cash_distribution,0.24,2026-10-10T01:42:59.247733+00:00,yfinance-1.5.2:2026-10-10T01:42:59.247733+00:00
yahoo-ticker:TLT,TLT,2024-03-01,cash_distribution,0.295,2026-10-10T01:43:00.768241+00:00,yfinance-1.5.2:2026-10-10T01:43:00.768241+00:00
yahoo-ticker:SPY,SPY,2024-03-15,cash_distribution,1.595,2026-10-10T01:42:59.974995+00:00,yfinance-1.5.2:2026-10-10T01:42:59.974995+00:00
yahoo-ticker:VEA,VEA,2024-03-15,cash_distribution,0.287,2026-10-10T01:43:01.730564+00:00,yfinance-1.5.2:2026-10-10T01:43:01.730564+00:00
yahoo-ticker:VWO,VWO,2024-03-15,cash_distribution,0.039,2026-10-10T01:43:03.149780+00:00,yfinance-1.5.2:2026-10-10T01:43:03.149780+00:00
yahoo-ticker:QQQ,QQQ,2024-03-18,cash_distribution,0.573,2026-10-10T01:42:58.808927+00:00,yfinance-1.5.2:2026-10-10T01:42:58.808927+00:00
yahoo-ticker:XLB,XLB,2024-03-18,cash_distribution,0.1625,2026-10-10T01:43:03.569166+00:00,yfinance-1.5.2:2026-10-10T01:43:03.569166+00:00
yahoo-ticker:XLE,XLE,2024-03-18,cash_distribution,0.367,2026-10-10T01:43:04.018451+00:00,yfinance-1.5.2:2026-10-10T01:43:04.018451+00:00
yahoo-ticker:XLF,XLF,2024-03-18,cash_distribution,0.153,2026-10-10T01:43:04.466526+00:00,yfinance-1.5.2:2026-10-10T01:43:04.466526+00:00
yahoo-ticker:XLI,XLI,2024-03-18,cash_distribution,0.376,2026-10-10T01:43:04.894763+00:00,yfinance-1.5.2:2026-10-10T01:43:04.894763+00:00
yahoo-ticker:XLK,XLK,2024-03-18,cash_distribution,0.1695,2026-10-10T01:43:05.330588+00:00,yfinance-1.5.2:2026-10-10T01:43:05.330588+00:00
yahoo-ticker:XLP,XLP,2024-03-18,cash_distribution,0.552,2026-10-10T01:43:05.749242+00:00,yfinance-1.5.2:2026-10-10T01:43:05.749242+00:00
yahoo-ticker:XLU,XLU,2024-03-18,cash_distribution,0.26,2026-10-10T01:43:06.185048+00:00,yfinance-1.5.2:2026-10-10T01:43:06.185048+00:00
yahoo-ticker:XLV,XLV,2024-03-18,cash_distribution,0.523,2026-10-10T01:43:06.570262+00:00,yfinance-1.5.2:2026-10-10T01:43:06.570262+00:00
yahoo-ticker:XLY,XLY,2024-03-18,cash_distribution,0.1935,2026-10-10T01:43:07.010195+00:00,yfinance-1.5.2:2026-10-10T01:43:07.010195+00:00
yahoo-ticker:IWM,IWM,2024-03-21,cash_distribution,0.522,2026-10-10T01:42:57.484124+00:00,yfinance-1.5.2:2026-10-10T01:42:57.484124+00:00
yahoo-ticker:VTV,VTV,2024-03-21,cash_distribution,1.006,2026-10-10T01:43:02.424133+00:00,yfinance-1.5.2:2026-10-10T01:43:02.424133+00:00
yahoo-ticker:VUG,VUG,2024-03-21,cash_distribution,0.078,2026-10-10T01:43:02.762619+00:00,yfinance-1.5.2:2026-10-10T01:43:02.762619+00:00
yahoo-ticker:VNQ,VNQ,2024-03-22,cash_distribution,0.732,2026-10-10T01:43:02.060468+00:00,yfinance-1.5.2:2026-10-10T01:43:02.060468+00:00
yahoo-ticker:BIL,BIL,2024-04-01,cash_distribution,0.405,2026-10-10T01:42:54.346149+00:00,yfinance-1.5.2:2026-10-10T01:42:54.346149+00:00
yahoo-ticker:HYG,HYG,2024-04-01,cash_distribution,0.395,2026-10-10T01:42:56.450321+00:00,yfinance-1.5.2:2026-10-10T01:42:56.450321+00:00
yahoo-ticker:IEF,IEF,2024-04-01,cash_distribution,0.276,2026-10-10T01:42:57.071590+00:00,yfinance-1.5.2:2026-10-10T01:42:57.071590+00:00
yahoo-ticker:LQD,LQD,2024-04-01,cash_distribution,0.411,2026-10-10T01:42:57.875026+00:00,yfinance-1.5.2:2026-10-10T01:42:57.875026+00:00
yahoo-ticker:MBB,MBB,2024-04-01,cash_distribution,0.283,2026-10-10T01:42:58.253414+00:00,yfinance-1.5.2:2026-10-10T01:42:58.253414+00:00
yahoo-ticker:SHY,SHY,2024-04-01,cash_distribution,0.27,2026-10-10T01:42:59.247733+00:00,yfinance-1.5.2:2026-10-10T01:42:59.247733+00:00
yahoo-ticker:TIP,TIP,2024-04-01,cash_distribution,0.065,2026-10-10T01:43:00.393852+00:00,yfinance-1.5.2:2026-10-10T01:43:00.393852+00:00
yahoo-ticker:TLT,TLT,2024-04-01,cash_distribution,0.312,2026-10-10T01:43:00.768241+00:00,yfinance-1.5.2:2026-10-10T01:43:00.768241+00:00
yahoo-ticker:BIL,BIL,2024-05-01,cash_distribution,0.388,2026-10-10T01:42:54.346149+00:00,yfinance-1.5.2:2026-10-10T01:42:54.346149+00:00
yahoo-ticker:HYG,HYG,2024-05-01,cash_distribution,0.4,2026-10-10T01:42:56.450321+00:00,yfinance-1.5.2:2026-10-10T01:42:56.450321+00:00
yahoo-ticker:IEF,IEF,2024-05-01,cash_distribution,0.271,2026-10-10T01:42:57.071590+00:00,yfinance-1.5.2:2026-10-10T01:42:57.071590+00:00
yahoo-ticker:LQD,LQD,2024-05-01,cash_distribution,0.415,2026-10-10T01:42:57.875026+00:00,yfinance-1.5.2:2026-10-10T01:42:57.875026+00:00
yahoo-ticker:MBB,MBB,2024-05-01,cash_distribution,0.282,2026-10-10T01:42:58.253414+00:00,yfinance-1.5.2:2026-10-10T01:42:58.253414+00:00
yahoo-ticker:SHY,SHY,2024-05-01,cash_distribution,0.262,2026-10-10T01:42:59.247733+00:00,yfinance-1.5.2:2026-10-10T01:42:59.247733+00:00
yahoo-ticker:TIP,TIP,2024-05-01,cash_distribution,0.693,2026-10-10T01:43:00.393852+00:00,yfinance-1.5.2:2026-10-10T01:43:00.393852+00:00
yahoo-ticker:TLT,TLT,2024-05-01,cash_distribution,0.308,2026-10-10T01:43:00.768241+00:00,yfinance-1.5.2:2026-10-10T01:43:00.768241+00:00
yahoo-ticker:BIL,BIL,2024-06-03,cash_distribution,0.405,2026-10-10T01:42:54.346149+00:00,yfinance-1.5.2:2026-10-10T01:42:54.346149+00:00
yahoo-ticker:HYG,HYG,2024-06-03,cash_distribution,0.358,2026-10-10T01:42:56.450321+00:00,yfinance-1.5.2:2026-10-10T01:42:56.450321+00:00
yahoo-ticker:IEF,IEF,2024-06-03,cash_distribution,0.276,2026-10-10T01:42:57.071590+00:00,yfinance-1.5.2:2026-10-10T01:42:57.071590+00:00
yahoo-ticker:LQD,LQD,2024-06-03,cash_distribution,0.405,2026-10-10T01:42:57.875026+00:00,yfinance-1.5.2:2026-10-10T01:42:57.875026+00:00
yahoo-ticker:MBB,MBB,2024-06-03,cash_distribution,0.3,2026-10-10T01:42:58.253414+00:00,yfinance-1.5.2:2026-10-10T01:42:58.253414+00:00
yahoo-ticker:SHY,SHY,2024-06-03,cash_distribution,0.262,2026-10-10T01:42:59.247733+00:00,yfinance-1.5.2:2026-10-10T01:42:59.247733+00:00
yahoo-ticker:TIP,TIP,2024-06-03,cash_distribution,0.727,2026-10-10T01:43:00.393852+00:00,yfinance-1.5.2:2026-10-10T01:43:00.393852+00:00
yahoo-ticker:TLT,TLT,2024-06-03,cash_distribution,0.308,2026-10-10T01:43:00.768241+00:00,yfinance-1.5.2:2026-10-10T01:43:00.768241+00:00
yahoo-ticker:EEM,EEM,2024-06-11,cash_distribution,0.29,2026-10-10T01:42:55.050042+00:00,yfinance-1.5.2:2026-10-10T01:42:55.050042+00:00
yahoo-ticker:EFA,EFA,2024-06-11,cash_distribution,1.393,2026-10-10T01:42:55.419695+00:00,yfinance-1.5.2:2026-10-10T01:42:55.419695+00:00
yahoo-ticker:EWJ,EWJ,2024-06-11,cash_distribution,0.509,2026-10-10T01:42:55.842554+00:00,yfinance-1.5.2:2026-10-10T01:42:55.842554+00:00
yahoo-ticker:IWM,IWM,2024-06-11,cash_distribution,0.562,2026-10-10T01:42:57.484124+00:00,yfinance-1.5.2:2026-10-10T01:42:57.484124+00:00
yahoo-ticker:SPY,SPY,2024-06-21,cash_distribution,1.759,2026-10-10T01:42:59.974995+00:00,yfinance-1.5.2:2026-10-10T01:42:59.974995+00:00
yahoo-ticker:VEA,VEA,2024-06-21,cash_distribution,0.461,2026-10-10T01:43:01.730564+00:00,yfinance-1.5.2:2026-10-10T01:43:01.730564+00:00
yahoo-ticker:VWO,VWO,2024-06-21,cash_distribution,0.17,2026-10-10T01:43:03.149780+00:00,yfinance-1.5.2:2026-10-10T01:43:03.149780+00:00
yahoo-ticker:QQQ,QQQ,2024-06-24,cash_distribution,0.762,2026-10-10T01:42:58.808927+00:00,yfinance-1.5.2:2026-10-10T01:42:58.808927+00:00
yahoo-ticker:XLB,XLB,2024-06-24,cash_distribution,0.2125,2026-10-10T01:43:03.569166+00:00,yfinance-1.5.2:2026-10-10T01:43:03.569166+00:00
yahoo-ticker:XLE,XLE,2024-06-24,cash_distribution,0.3575,2026-10-10T01:43:04.018451+00:00,yfinance-1.5.2:2026-10-10T01:43:04.018451+00:00
yahoo-ticker:XLF,XLF,2024-06-24,cash_distribution,0.163,2026-10-10T01:43:04.466526+00:00,yfinance-1.5.2:2026-10-10T01:43:04.466526+00:00
yahoo-ticker:XLI,XLI,2024-06-24,cash_distribution,0.421,2026-10-10T01:43:04.894763+00:00,yfinance-1.5.2:2026-10-10T01:43:04.894763+00:00
yahoo-ticker:XLK,XLK,2024-06-24,cash_distribution,0.2,2026-10-10T01:43:05.330588+00:00,yfinance-1.5.2:2026-10-10T01:43:05.330588+00:00
yahoo-ticker:XLP,XLP,2024-06-24,cash_distribution,0.582,2026-10-10T01:43:05.749242+00:00,yfinance-1.5.2:2026-10-10T01:43:05.749242+00:00
yahoo-ticker:XLU,XLU,2024-06-24,cash_distribution,0.2775,2026-10-10T01:43:06.185048+00:00,yfinance-1.5.2:2026-10-10T01:43:06.185048+00:00
yahoo-ticker:XLV,XLV,2024-06-24,cash_distribution,0.573,2026-10-10T01:43:06.570262+00:00,yfinance-1.5.2:2026-10-10T01:43:06.570262+00:00
yahoo-ticker:XLY,XLY,2024-06-24,cash_distribution,0.196,2026-10-10T01:43:07.010195+00:00,yfinance-1.5.2:2026-10-10T01:43:07.010195+00:00
yahoo-ticker:VTV,VTV,2024-06-27,cash_distribution,1.015,2026-10-10T01:43:02.424133+00:00,yfinance-1.5.2:2026-10-10T01:43:02.424133+00:00
yahoo-ticker:VUG,VUG,2024-06-27,cash_distribution,0.076,2026-10-10T01:43:02.762619+00:00,yfinance-1.5.2:2026-10-10T01:43:02.762619+00:00
yahoo-ticker:VNQ,VNQ,2024-06-28,cash_distribution,1.033,2026-10-10T01:43:02.060468+00:00,yfinance-1.5.2:2026-10-10T01:43:02.060468+00:00
yahoo-ticker:BIL,BIL,2024-07-01,cash_distribution,0.392,2026-10-10T01:42:54.346149+00:00,yfinance-1.5.2:2026-10-10T01:42:54.346149+00:00
yahoo-ticker:HYG,HYG,2024-07-01,cash_distribution,0.405,2026-10-10T01:42:56.450321+00:00,yfinance-1.5.2:2026-10-10T01:42:56.450321+00:00
yahoo-ticker:IEF,IEF,2024-07-01,cash_distribution,0.285,2026-10-10T01:42:57.071590+00:00,yfinance-1.5.2:2026-10-10T01:42:57.071590+00:00
yahoo-ticker:LQD,LQD,2024-07-01,cash_distribution,0.376,2026-10-10T01:42:57.875026+00:00,yfinance-1.5.2:2026-10-10T01:42:57.875026+00:00
yahoo-ticker:MBB,MBB,2024-07-01,cash_distribution,0.305,2026-10-10T01:42:58.253414+00:00,yfinance-1.5.2:2026-10-10T01:42:58.253414+00:00
yahoo-ticker:SHY,SHY,2024-07-01,cash_distribution,0.27,2026-10-10T01:42:59.247733+00:00,yfinance-1.5.2:2026-10-10T01:42:59.247733+00:00
yahoo-ticker:TIP,TIP,2024-07-01,cash_distribution,0.437,2026-10-10T01:43:00.393852+00:00,yfinance-1.5.2:2026-10-10T01:43:00.393852+00:00
yahoo-ticker:TLT,TLT,2024-07-01,cash_distribution,0.291,2026-10-10T01:43:00.768241+00:00,yfinance-1.5.2:2026-10-10T01:43:00.768241+00:00
yahoo-ticker:BIL,BIL,2024-08-01,cash_distribution,0.402,2026-10-10T01:42:54.346149+00:00,yfinance-1.5.2:2026-10-10T01:42:54.346149+00:00
yahoo-ticker:HYG,HYG,2024-08-01,cash_distribution,0.409,2026-10-10T01:42:56.450321+00:00,yfinance-1.5.2:2026-10-10T01:42:56.450321+00:00
yahoo-ticker:IEF,IEF,2024-08-01,cash_distribution,0.289,2026-10-10T01:42:57.071590+00:00,yfinance-1.5.2:2026-10-10T01:42:57.071590+00:00
yahoo-ticker:LQD,LQD,2024-08-01,cash_distribution,0.392,2026-10-10T01:42:57.875026+00:00,yfinance-1.5.2:2026-10-10T01:42:57.875026+00:00
yahoo-ticker:MBB,MBB,2024-08-01,cash_distribution,0.309,2026-10-10T01:42:58.253414+00:00,yfinance-1.5.2:2026-10-10T01:42:58.253414+00:00
yahoo-ticker:SHY,SHY,2024-08-01,cash_distribution,0.272,2026-10-10T01:42:59.247733+00:00,yfinance-1.5.2:2026-10-10T01:42:59.247733+00:00
yahoo-ticker:TIP,TIP,2024-08-01,cash_distribution,0.173,2026-10-10T01:43:00.393852+00:00,yfinance-1.5.2:2026-10-10T01:43:00.393852+00:00
yahoo-ticker:TLT,TLT,2024-08-01,cash_distribution,0.315,2026-10-10T01:43:00.768241+00:00,yfinance-1.5.2:2026-10-10T01:43:00.768241+00:00
yahoo-ticker:BIL,BIL,2024-09-03,cash_distribution,0.396,2026-10-10T01:42:54.346149+00:00,yfinance-1.5.2:2026-10-10T01:42:54.346149+00:00
yahoo-ticker:HYG,HYG,2024-09-03,cash_distribution,0.38,2026-10-10T01:42:56.450321+00:00,yfinance-1.5.2:2026-10-10T01:42:56.450321+00:00
yahoo-ticker:IEF,IEF,2024-09-03,cash_distribution,0.288,2026-10-10T01:42:57.071590+00:00,yfinance-1.5.2:2026-10-10T01:42:57.071590+00:00
yahoo-ticker:LQD,LQD,2024-09-03,cash_distribution,0.405,2026-10-10T01:42:57.875026+00:00,yfinance-1.5.2:2026-10-10T01:42:57.875026+00:00
yahoo-ticker:MBB,MBB,2024-09-03,cash_distribution,0.318,2026-10-10T01:42:58.253414+00:00,yfinance-1.5.2:2026-10-10T01:42:58.253414+00:00
yahoo-ticker:SHY,SHY,2024-09-03,cash_distribution,0.288,2026-10-10T01:42:59.247733+00:00,yfinance-1.5.2:2026-10-10T01:42:59.247733+00:00
yahoo-ticker:TIP,TIP,2024-09-03,cash_distribution,0.03,2026-10-10T01:43:00.393852+00:00,yfinance-1.5.2:2026-10-10T01:43:00.393852+00:00
yahoo-ticker:TLT,TLT,2024-09-03,cash_distribution,0.313,2026-10-10T01:43:00.768241+00:00,yfinance-1.5.2:2026-10-10T01:43:00.768241+00:00
yahoo-ticker:SPY,SPY,2024-09-20,cash_distribution,1.746,2026-10-10T01:42:59.974995+00:00,yfinance-1.5.2:2026-10-10T01:42:59.974995+00:00
yahoo-ticker:VEA,VEA,2024-09-20,cash_distribution,0.144,2026-10-10T01:43:01.730564+00:00,yfinance-1.5.2:2026-10-10T01:43:01.730564+00:00
yahoo-ticker:VWO,VWO,2024-09-20,cash_distribution,0.134,2026-10-10T01:43:03.149780+00:00,yfinance-1.5.2:2026-10-10T01:43:03.149780+00:00
yahoo-ticker:QQQ,QQQ,2024-09-23,cash_distribution,0.677,2026-10-10T01:42:58.808927+00:00,yfinance-1.5.2:2026-10-10T01:42:58.808927+00:00
yahoo-ticker:XLB,XLB,2024-09-23,cash_distribution,0.209,2026-10-10T01:43:03.569166+00:00,yfinance-1.5.2:2026-10-10T01:43:03.569166+00:00
yahoo-ticker:XLE,XLE,2024-09-23,cash_distribution,0.3635,2026-10-10T01:43:04.018451+00:00,yfinance-1.5.2:2026-10-10T01:43:04.018451+00:00
yahoo-ticker:XLF,XLF,2024-09-23,cash_distribution,0.165,2026-10-10T01:43:04.466526+00:00,yfinance-1.5.2:2026-10-10T01:43:04.466526+00:00
yahoo-ticker:XLI,XLI,2024-09-23,cash_distribution,0.431,2026-10-10T01:43:04.894763+00:00,yfinance-1.5.2:2026-10-10T01:43:04.894763+00:00
yahoo-ticker:XLK,XLK,2024-09-23,cash_distribution,0.1995,2026-10-10T01:43:05.330588+00:00,yfinance-1.5.2:2026-10-10T01:43:05.330588+00:00
yahoo-ticker:XLP,XLP,2024-09-23,cash_distribution,0.439,2026-10-10T01:43:05.749242+00:00,yfinance-1.5.2:2026-10-10T01:43:05.749242+00:00
yahoo-ticker:XLU,XLU,2024-09-23,cash_distribution,0.2695,2026-10-10T01:43:06.185048+00:00,yfinance-1.5.2:2026-10-10T01:43:06.185048+00:00
yahoo-ticker:XLV,XLV,2024-09-23,cash_distribution,0.577,2026-10-10T01:43:06.570262+00:00,yfinance-1.5.2:2026-10-10T01:43:06.570262+00:00
yahoo-ticker:XLY,XLY,2024-09-23,cash_distribution,0.2025,2026-10-10T01:43:07.010195+00:00,yfinance-1.5.2:2026-10-10T01:43:07.010195+00:00
yahoo-ticker:IWM,IWM,2024-09-25,cash_distribution,0.752,2026-10-10T01:42:57.484124+00:00,yfinance-1.5.2:2026-10-10T01:42:57.484124+00:00
yahoo-ticker:VTV,VTV,2024-09-26,cash_distribution,0.914,2026-10-10T01:43:02.424133+00:00,yfinance-1.5.2:2026-10-10T01:43:02.424133+00:00
yahoo-ticker:VUG,VUG,2024-09-26,cash_distribution,0.075833,2026-10-10T01:43:02.762619+00:00,yfinance-1.5.2:2026-10-10T01:43:02.762619+00:00
yahoo-ticker:VNQ,VNQ,2024-09-27,cash_distribution,0.813,2026-10-10T01:43:02.060468+00:00,yfinance-1.5.2:2026-10-10T01:43:02.060468+00:00
yahoo-ticker:BIL,BIL,2024-10-01,cash_distribution,0.371,2026-10-10T01:42:54.346149+00:00,yfinance-1.5.2:2026-10-10T01:42:54.346149+00:00
yahoo-ticker:HYG,HYG,2024-10-01,cash_distribution,0.39,2026-10-10T01:42:56.450321+00:00,yfinance-1.5.2:2026-10-10T01:42:56.450321+00:00
yahoo-ticker:IEF,IEF,2024-10-01,cash_distribution,0.286,2026-10-10T01:42:57.071590+00:00,yfinance-1.5.2:2026-10-10T01:42:57.071590+00:00
yahoo-ticker:LQD,LQD,2024-10-01,cash_distribution,0.411,2026-10-10T01:42:57.875026+00:00,yfinance-1.5.2:2026-10-10T01:42:57.875026+00:00
yahoo-ticker:MBB,MBB,2024-10-01,cash_distribution,0.311,2026-10-10T01:42:58.253414+00:00,yfinance-1.5.2:2026-10-10T01:42:58.253414+00:00
yahoo-ticker:SHY,SHY,2024-10-01,cash_distribution,0.273,2026-10-10T01:42:59.247733+00:00,yfinance-1.5.2:2026-10-10T01:42:59.247733+00:00
yahoo-ticker:TIP,TIP,2024-10-01,cash_distribution,0.122,2026-10-10T01:43:00.393852+00:00,yfinance-1.5.2:2026-10-10T01:43:00.393852+00:00
yahoo-ticker:TLT,TLT,2024-10-01,cash_distribution,0.316,2026-10-10T01:43:00.768241+00:00,yfinance-1.5.2:2026-10-10T01:43:00.768241+00:00
yahoo-ticker:BIL,BIL,2024-11-01,cash_distribution,0.359,2026-10-10T01:42:54.346149+00:00,yfinance-1.5.2:2026-10-10T01:42:54.346149+00:00
yahoo-ticker:HYG,HYG,2024-11-01,cash_distribution,0.395,2026-10-10T01:42:56.450321+00:00,yfinance-1.5.2:2026-10-10T01:42:56.450321+00:00
yahoo-ticker:IEF,IEF,2024-11-01,cash_distribution,0.292,2026-10-10T01:42:57.071590+00:00,yfinance-1.5.2:2026-10-10T01:42:57.071590+00:00
yahoo-ticker:LQD,LQD,2024-11-01,cash_distribution,0.385,2026-10-10T01:42:57.875026+00:00,yfinance-1.5.2:2026-10-10T01:42:57.875026+00:00
yahoo-ticker:MBB,MBB,2024-11-01,cash_distribution,0.31,2026-10-10T01:42:58.253414+00:00,yfinance-1.5.2:2026-10-10T01:42:58.253414+00:00
yahoo-ticker:SHY,SHY,2024-11-01,cash_distribution,0.283,2026-10-10T01:42:59.247733+00:00,yfinance-1.5.2:2026-10-10T01:42:59.247733+00:00
yahoo-ticker:TIP,TIP,2024-11-01,cash_distribution,0.089,2026-10-10T01:43:00.393852+00:00,yfinance-1.5.2:2026-10-10T01:43:00.393852+00:00
yahoo-ticker:TLT,TLT,2024-11-01,cash_distribution,0.311,2026-10-10T01:43:00.768241+00:00,yfinance-1.5.2:2026-10-10T01:43:00.768241+00:00
yahoo-ticker:BIL,BIL,2024-12-02,cash_distribution,0.335,2026-10-10T01:42:54.346149+00:00,yfinance-1.5.2:2026-10-10T01:42:54.346149+00:00
yahoo-ticker:HYG,HYG,2024-12-02,cash_distribution,0.361,2026-10-10T01:42:56.450321+00:00,yfinance-1.5.2:2026-10-10T01:42:56.450321+00:00
yahoo-ticker:IEF,IEF,2024-12-02,cash_distribution,0.292,2026-10-10T01:42:57.071590+00:00,yfinance-1.5.2:2026-10-10T01:42:57.071590+00:00
yahoo-ticker:LQD,LQD,2024-12-02,cash_distribution,0.383,2026-10-10T01:42:57.875026+00:00,yfinance-1.5.2:2026-10-10T01:42:57.875026+00:00
yahoo-ticker:MBB,MBB,2024-12-02,cash_distribution,0.307,2026-10-10T01:42:58.253414+00:00,yfinance-1.5.2:2026-10-10T01:42:58.253414+00:00
yahoo-ticker:SHY,SHY,2024-12-02,cash_distribution,0.265,2026-10-10T01:42:59.247733+00:00,yfinance-1.5.2:2026-10-10T01:42:59.247733+00:00
yahoo-ticker:TIP,TIP,2024-12-02,cash_distribution,0.19,2026-10-10T01:43:00.393852+00:00,yfinance-1.5.2:2026-10-10T01:43:00.393852+00:00
yahoo-ticker:TLT,TLT,2024-12-02,cash_distribution,0.325,2026-10-10T01:43:00.768241+00:00,yfinance-1.5.2:2026-10-10T01:43:00.768241+00:00
yahoo-ticker:EEM,EEM,2024-12-17,cash_distribution,0.727,2026-10-10T01:42:55.050042+00:00,yfinance-1.5.2:2026-10-10T01:42:55.050042+00:00
yahoo-ticker:EFA,EFA,2024-12-17,cash_distribution,1.057,2026-10-10T01:42:55.419695+00:00,yfinance-1.5.2:2026-10-10T01:42:55.419695+00:00
yahoo-ticker:EWJ,EWJ,2024-12-17,cash_distribution,1.064,2026-10-10T01:42:55.842554+00:00,yfinance-1.5.2:2026-10-10T01:42:55.842554+00:00
yahoo-ticker:IWM,IWM,2024-12-17,cash_distribution,0.694,2026-10-10T01:42:57.484124+00:00,yfinance-1.5.2:2026-10-10T01:42:57.484124+00:00
yahoo-ticker:HYG,HYG,2024-12-18,cash_distribution,0.409,2026-10-10T01:42:56.450321+00:00,yfinance-1.5.2:2026-10-10T01:42:56.450321+00:00
yahoo-ticker:IEF,IEF,2024-12-18,cash_distribution,0.308,2026-10-10T01:42:57.071590+00:00,yfinance-1.5.2:2026-10-10T01:42:57.071590+00:00
yahoo-ticker:LQD,LQD,2024-12-18,cash_distribution,0.385,2026-10-10T01:42:57.875026+00:00,yfinance-1.5.2:2026-10-10T01:42:57.875026+00:00
yahoo-ticker:MBB,MBB,2024-12-18,cash_distribution,0.294,2026-10-10T01:42:58.253414+00:00,yfinance-1.5.2:2026-10-10T01:42:58.253414+00:00
yahoo-ticker:SHY,SHY,2024-12-18,cash_distribution,0.28,2026-10-10T01:42:59.247733+00:00,yfinance-1.5.2:2026-10-10T01:42:59.247733+00:00
yahoo-ticker:TIP,TIP,2024-12-18,cash_distribution,0.16,2026-10-10T01:43:00.393852+00:00,yfinance-1.5.2:2026-10-10T01:43:00.393852+00:00
yahoo-ticker:TLT,TLT,2024-12-18,cash_distribution,0.351,2026-10-10T01:43:00.768241+00:00,yfinance-1.5.2:2026-10-10T01:43:00.768241+00:00
yahoo-ticker:BIL,BIL,2024-12-19,cash_distribution,0.383,2026-10-10T01:42:54.346149+00:00,yfinance-1.5.2:2026-10-10T01:42:54.346149+00:00
yahoo-ticker:SPY,SPY,2024-12-20,cash_distribution,1.966,2026-10-10T01:42:59.974995+00:00,yfinance-1.5.2:2026-10-10T01:42:59.974995+00:00
yahoo-ticker:VEA,VEA,2024-12-20,cash_distribution,0.713,2026-10-10T01:43:01.730564+00:00,yfinance-1.5.2:2026-10-10T01:43:01.730564+00:00
yahoo-ticker:VWO,VWO,2024-12-20,cash_distribution,1.066,2026-10-10T01:43:03.149780+00:00,yfinance-1.5.2:2026-10-10T01:43:03.149780+00:00
yahoo-ticker:DBA,DBA,2024-12-23,cash_distribution,1.084,2026-10-10T01:42:54.687713+00:00,yfinance-1.5.2:2026-10-10T01:42:54.687713+00:00
yahoo-ticker:PDBC,PDBC,2024-12-23,cash_distribution,0.575,2026-10-10T01:42:58.484360+00:00,yfinance-1.5.2:2026-10-10T01:42:58.484360+00:00
yahoo-ticker:QQQ,QQQ,2024-12-23,cash_distribution,0.835,2026-10-10T01:42:58.808927+00:00,yfinance-1.5.2:2026-10-10T01:42:58.808927+00:00
yahoo-ticker:UUP,UUP,2024-12-23,cash_distribution,1.317,2026-10-10T01:43:01.392906+00:00,yfinance-1.5.2:2026-10-10T01:43:01.392906+00:00
yahoo-ticker:VNQ,VNQ,2024-12-23,cash_distribution,0.856,2026-10-10T01:43:02.060468+00:00,yfinance-1.5.2:2026-10-10T01:43:02.060468+00:00
yahoo-ticker:VTV,VTV,2024-12-23,cash_distribution,0.98,2026-10-10T01:43:02.424133+00:00,yfinance-1.5.2:2026-10-10T01:43:02.424133+00:00
yahoo-ticker:VUG,VUG,2024-12-23,cash_distribution,0.089,2026-10-10T01:43:02.762619+00:00,yfinance-1.5.2:2026-10-10T01:43:02.762619+00:00
yahoo-ticker:XLB,XLB,2024-12-23,cash_distribution,0.222,2026-10-10T01:43:03.569166+00:00,yfinance-1.5.2:2026-10-10T01:43:03.569166+00:00
yahoo-ticker:XLE,XLE,2024-12-23,cash_distribution,0.35,2026-10-10T01:43:04.018451+00:00,yfinance-1.5.2:2026-10-10T01:43:04.018451+00:00
yahoo-ticker:XLF,XLF,2024-12-23,cash_distribution,0.206,2026-10-10T01:43:04.466526+00:00,yfinance-1.5.2:2026-10-10T01:43:04.466526+00:00
yahoo-ticker:XLI,XLI,2024-12-23,cash_distribution,0.67,2026-10-10T01:43:04.894763+00:00,yfinance-1.5.2:2026-10-10T01:43:04.894763+00:00
yahoo-ticker:XLK,XLK,2024-12-23,cash_distribution,0.193,2026-10-10T01:43:05.330588+00:00,yfinance-1.5.2:2026-10-10T01:43:05.330588+00:00
yahoo-ticker:XLP,XLP,2024-12-23,cash_distribution,0.602,2026-10-10T01:43:05.749242+00:00,yfinance-1.5.2:2026-10-10T01:43:05.749242+00:00
yahoo-ticker:XLU,XLU,2024-12-23,cash_distribution,0.314,2026-10-10T01:43:06.185048+00:00,yfinance-1.5.2:2026-10-10T01:43:06.185048+00:00
yahoo-ticker:XLV,XLV,2024-12-23,cash_distribution,0.622,2026-10-10T01:43:06.570262+00:00,yfinance-1.5.2:2026-10-10T01:43:06.570262+00:00
yahoo-ticker:XLY,XLY,2024-12-23,cash_distribution,0.2165,2026-10-10T01:43:07.010195+00:00,yfinance-1.5.2:2026-10-10T01:43:07.010195+00:00
yahoo-ticker:BIL,BIL,2025-02-03,cash_distribution,0.326,2026-10-10T01:42:54.346149+00:00,yfinance-1.5.2:2026-10-10T01:42:54.346149+00:00
yahoo-ticker:HYG,HYG,2025-02-03,cash_distribution,0.36,2026-10-10T01:42:56.450321+00:00,yfinance-1.5.2:2026-10-10T01:42:56.450321+00:00
yahoo-ticker:IEF,IEF,2025-02-03,cash_distribution,0.296,2026-10-10T01:42:57.071590+00:00,yfinance-1.5.2:2026-10-10T01:42:57.071590+00:00
yahoo-ticker:LQD,LQD,2025-02-03,cash_distribution,0.389,2026-10-10T01:42:57.875026+00:00,yfinance-1.5.2:2026-10-10T01:42:57.875026+00:00
yahoo-ticker:MBB,MBB,2025-02-03,cash_distribution,0.341,2026-10-10T01:42:58.253414+00:00,yfinance-1.5.2:2026-10-10T01:42:58.253414+00:00
yahoo-ticker:SHY,SHY,2025-02-03,cash_distribution,0.273,2026-10-10T01:42:59.247733+00:00,yfinance-1.5.2:2026-10-10T01:42:59.247733+00:00
yahoo-ticker:TLT,TLT,2025-02-03,cash_distribution,0.312,2026-10-10T01:43:00.768241+00:00,yfinance-1.5.2:2026-10-10T01:43:00.768241+00:00
yahoo-ticker:BIL,BIL,2025-03-03,cash_distribution,0.289,2026-10-10T01:42:54.346149+00:00,yfinance-1.5.2:2026-10-10T01:42:54.346149+00:00
yahoo-ticker:HYG,HYG,2025-03-03,cash_distribution,0.374,2026-10-10T01:42:56.450321+00:00,yfinance-1.5.2:2026-10-10T01:42:56.450321+00:00
yahoo-ticker:IEF,IEF,2025-03-03,cash_distribution,0.275,2026-10-10T01:42:57.071590+00:00,yfinance-1.5.2:2026-10-10T01:42:57.071590+00:00
yahoo-ticker:LQD,LQD,2025-03-03,cash_distribution,0.415,2026-10-10T01:42:57.875026+00:00,yfinance-1.5.2:2026-10-10T01:42:57.875026+00:00
yahoo-ticker:MBB,MBB,2025-03-03,cash_distribution,0.32,2026-10-10T01:42:58.253414+00:00,yfinance-1.5.2:2026-10-10T01:42:58.253414+00:00
yahoo-ticker:SHY,SHY,2025-03-03,cash_distribution,0.253,2026-10-10T01:42:59.247733+00:00,yfinance-1.5.2:2026-10-10T01:42:59.247733+00:00
yahoo-ticker:TLT,TLT,2025-03-03,cash_distribution,0.29,2026-10-10T01:43:00.768241+00:00,yfinance-1.5.2:2026-10-10T01:43:00.768241+00:00
yahoo-ticker:IWM,IWM,2025-03-18,cash_distribution,0.46,2026-10-10T01:42:57.484124+00:00,yfinance-1.5.2:2026-10-10T01:42:57.484124+00:00
yahoo-ticker:SPY,SPY,2025-03-21,cash_distribution,1.696,2026-10-10T01:42:59.974995+00:00,yfinance-1.5.2:2026-10-10T01:42:59.974995+00:00
yahoo-ticker:VEA,VEA,2025-03-21,cash_distribution,0.242,2026-10-10T01:43:01.730564+00:00,yfinance-1.5.2:2026-10-10T01:43:01.730564+00:00
yahoo-ticker:VWO,VWO,2025-03-21,cash_distribution,0.047,2026-10-10T01:43:03.149780+00:00,yfinance-1.5.2:2026-10-10T01:43:03.149780+00:00
yahoo-ticker:QQQ,QQQ,2025-03-24,cash_distribution,0.716,2026-10-10T01:42:58.808927+00:00,yfinance-1.5.2:2026-10-10T01:42:58.808927+00:00
yahoo-ticker:XLB,XLB,2025-03-24,cash_distribution,0.2035,2026-10-10T01:43:03.569166+00:00,yfinance-1.5.2:2026-10-10T01:43:03.569166+00:00
yahoo-ticker:XLE,XLE,2025-03-24,cash_distribution,0.358,2026-10-10T01:43:04.018451+00:00,yfinance-1.5.2:2026-10-10T01:43:04.018451+00:00
yahoo-ticker:XLF,XLF,2025-03-24,cash_distribution,0.179,2026-10-10T01:43:04.466526+00:00,yfinance-1.5.2:2026-10-10T01:43:04.466526+00:00
yahoo-ticker:XLI,XLI,2025-03-24,cash_distribution,0.405,2026-10-10T01:43:04.894763+00:00,yfinance-1.5.2:2026-10-10T01:43:04.894763+00:00
yahoo-ticker:XLK,XLK,2025-03-24,cash_distribution,0.1875,2026-10-10T01:43:05.330588+00:00,yfinance-1.5.2:2026-10-10T01:43:05.330588+00:00
yahoo-ticker:XLP,XLP,2025-03-24,cash_distribution,0.418,2026-10-10T01:43:05.749242+00:00,yfinance-1.5.2:2026-10-10T01:43:05.749242+00:00
yahoo-ticker:XLU,XLU,2025-03-24,cash_distribution,0.2775,2026-10-10T01:43:06.185048+00:00,yfinance-1.5.2:2026-10-10T01:43:06.185048+00:00
yahoo-ticker:XLV,XLV,2025-03-24,cash_distribution,0.565,2026-10-10T01:43:06.570262+00:00,yfinance-1.5.2:2026-10-10T01:43:06.570262+00:00
yahoo-ticker:XLY,XLY,2025-03-24,cash_distribution,0.271,2026-10-10T01:43:07.010195+00:00,yfinance-1.5.2:2026-10-10T01:43:07.010195+00:00
yahoo-ticker:VNQ,VNQ,2025-03-25,cash_distribution,0.932,2026-10-10T01:43:02.060468+00:00,yfinance-1.5.2:2026-10-10T01:43:02.060468+00:00
yahoo-ticker:VTV,VTV,2025-03-27,cash_distribution,1.013,2026-10-10T01:43:02.424133+00:00,yfinance-1.5.2:2026-10-10T01:43:02.424133+00:00
yahoo-ticker:VUG,VUG,2025-03-27,cash_distribution,0.083333,2026-10-10T01:43:02.762619+00:00,yfinance-1.5.2:2026-10-10T01:43:02.762619+00:00
yahoo-ticker:BIL,BIL,2025-04-01,cash_distribution,0.321,2026-10-10T01:42:54.346149+00:00,yfinance-1.5.2:2026-10-10T01:42:54.346149+00:00
yahoo-ticker:HYG,HYG,2025-04-01,cash_distribution,0.382,2026-10-10T01:42:56.450321+00:00,yfinance-1.5.2:2026-10-10T01:42:56.450321+00:00
yahoo-ticker:IEF,IEF,2025-04-01,cash_distribution,0.304,2026-10-10T01:42:57.071590+00:00,yfinance-1.5.2:2026-10-10T01:42:57.071590+00:00
yahoo-ticker:LQD,LQD,2025-04-01,cash_distribution,0.417,2026-10-10T01:42:57.875026+00:00,yfinance-1.5.2:2026-10-10T01:42:57.875026+00:00
yahoo-ticker:MBB,MBB,2025-04-01,cash_distribution,0.331,2026-10-10T01:42:58.253414+00:00,yfinance-1.5.2:2026-10-10T01:42:58.253414+00:00
yahoo-ticker:SHY,SHY,2025-04-01,cash_distribution,0.28,2026-10-10T01:42:59.247733+00:00,yfinance-1.5.2:2026-10-10T01:42:59.247733+00:00
yahoo-ticker:TIP,TIP,2025-04-01,cash_distribution,0.709,2026-10-10T01:43:00.393852+00:00,yfinance-1.5.2:2026-10-10T01:43:00.393852+00:00
yahoo-ticker:TLT,TLT,2025-04-01,cash_distribution,0.326,2026-10-10T01:43:00.768241+00:00,yfinance-1.5.2:2026-10-10T01:43:00.768241+00:00
yahoo-ticker:BIL,BIL,2025-05-01,cash_distribution,0.312,2026-10-10T01:42:54.346149+00:00,yfinance-1.5.2:2026-10-10T01:42:54.346149+00:00
yahoo-ticker:HYG,HYG,2025-05-01,cash_distribution,0.401,2026-10-10T01:42:56.450321+00:00,yfinance-1.5.2:2026-10-10T01:42:56.450321+00:00
yahoo-ticker:IEF,IEF,2025-05-01,cash_distribution,0.313,2026-10-10T01:42:57.071590+00:00,yfinance-1.5.2:2026-10-10T01:42:57.071590+00:00
yahoo-ticker:LQD,LQD,2025-05-01,cash_distribution,0.432,2026-10-10T01:42:57.875026+00:00,yfinance-1.5.2:2026-10-10T01:42:57.875026+00:00
yahoo-ticker:MBB,MBB,2025-05-01,cash_distribution,0.325,2026-10-10T01:42:58.253414+00:00,yfinance-1.5.2:2026-10-10T01:42:58.253414+00:00
yahoo-ticker:SHY,SHY,2025-05-01,cash_distribution,0.259,2026-10-10T01:42:59.247733+00:00,yfinance-1.5.2:2026-10-10T01:42:59.247733+00:00
yahoo-ticker:TIP,TIP,2025-05-01,cash_distribution,0.535,2026-10-10T01:43:00.393852+00:00,yfinance-1.5.2:2026-10-10T01:43:00.393852+00:00
yahoo-ticker:TLT,TLT,2025-05-01,cash_distribution,0.328,2026-10-10T01:43:00.768241+00:00,yfinance-1.5.2:2026-10-10T01:43:00.768241+00:00
yahoo-ticker:BIL,BIL,2025-06-02,cash_distribution,0.316,2026-10-10T01:42:54.346149+00:00,yfinance-1.5.2:2026-10-10T01:42:54.346149+00:00
yahoo-ticker:HYG,HYG,2025-06-02,cash_distribution,0.376,2026-10-10T01:42:56.450321+00:00,yfinance-1.5.2:2026-10-10T01:42:56.450321+00:00
yahoo-ticker:IEF,IEF,2025-06-02,cash_distribution,0.31,2026-10-10T01:42:57.071590+00:00,yfinance-1.5.2:2026-10-10T01:42:57.071590+00:00
yahoo-ticker:LQD,LQD,2025-06-02,cash_distribution,0.396,2026-10-10T01:42:57.875026+00:00,yfinance-1.5.2:2026-10-10T01:42:57.875026+00:00
yahoo-ticker:MBB,MBB,2025-06-02,cash_distribution,0.325,2026-10-10T01:42:58.253414+00:00,yfinance-1.5.2:2026-10-10T01:42:58.253414+00:00
yahoo-ticker:SHY,SHY,2025-06-02,cash_distribution,0.272,2026-10-10T01:42:59.247733+00:00,yfinance-1.5.2:2026-10-10T01:42:59.247733+00:00
yahoo-ticker:TIP,TIP,2025-06-02,cash_distribution,0.273,2026-10-10T01:43:00.393852+00:00,yfinance-1.5.2:2026-10-10T01:43:00.393852+00:00
yahoo-ticker:TLT,TLT,2025-06-02,cash_distribution,0.32,2026-10-10T01:43:00.768241+00:00,yfinance-1.5.2:2026-10-10T01:43:00.768241+00:00
yahoo-ticker:EEM,EEM,2025-06-16,cash_distribution,0.452,2026-10-10T01:42:55.050042+00:00,yfinance-1.5.2:2026-10-10T01:42:55.050042+00:00
yahoo-ticker:EFA,EFA,2025-06-16,cash_distribution,1.519,2026-10-10T01:42:55.419695+00:00,yfinance-1.5.2:2026-10-10T01:42:55.419695+00:00
yahoo-ticker:EWJ,EWJ,2025-06-16,cash_distribution,0.591,2026-10-10T01:42:55.842554+00:00,yfinance-1.5.2:2026-10-10T01:42:55.842554+00:00
yahoo-ticker:IWM,IWM,2025-06-16,cash_distribution,0.576,2026-10-10T01:42:57.484124+00:00,yfinance-1.5.2:2026-10-10T01:42:57.484124+00:00
yahoo-ticker:SPY,SPY,2025-06-20,cash_distribution,1.761,2026-10-10T01:42:59.974995+00:00,yfinance-1.5.2:2026-10-10T01:42:59.974995+00:00
yahoo-ticker:VEA,VEA,2025-06-20,cash_distribution,0.441,2026-10-10T01:43:01.730564+00:00,yfinance-1.5.2:2026-10-10T01:43:01.730564+00:00
yahoo-ticker:VWO,VWO,2025-06-20,cash_distribution,0.139,2026-10-10T01:43:03.149780+00:00,yfinance-1.5.2:2026-10-10T01:43:03.149780+00:00
yahoo-ticker:QQQ,QQQ,2025-06-23,cash_distribution,0.591,2026-10-10T01:42:58.808927+00:00,yfinance-1.5.2:2026-10-10T01:42:58.808927+00:00
yahoo-ticker:XLB,XLB,2025-06-23,cash_distribution,0.219,2026-10-10T01:43:03.569166+00:00,yfinance-1.5.2:2026-10-10T01:43:03.569166+00:00
yahoo-ticker:XLE,XLE,2025-06-23,cash_distribution,0.359,2026-10-10T01:43:04.018451+00:00,yfinance-1.5.2:2026-10-10T01:43:04.018451+00:00
yahoo-ticker:XLF,XLF,2025-06-23,cash_distribution,0.172,2026-10-10T01:43:04.466526+00:00,yfinance-1.5.2:2026-10-10T01:43:04.466526+00:00
yahoo-ticker:XLI,XLI,2025-06-23,cash_distribution,0.432,2026-10-10T01:43:04.894763+00:00,yfinance-1.5.2:2026-10-10T01:43:04.894763+00:00
yahoo-ticker:XLK,XLK,2025-06-23,cash_distribution,0.199,2026-10-10T01:43:05.330588+00:00,yfinance-1.5.2:2026-10-10T01:43:05.330588+00:00
yahoo-ticker:XLP,XLP,2025-06-23,cash_distribution,0.552,2026-10-10T01:43:05.749242+00:00,yfinance-1.5.2:2026-10-10T01:43:05.749242+00:00
yahoo-ticker:XLU,XLU,2025-06-23,cash_distribution,0.2785,2026-10-10T01:43:06.185048+00:00,yfinance-1.5.2:2026-10-10T01:43:06.185048+00:00
yahoo-ticker:XLV,XLV,2025-06-23,cash_distribution,0.63,2026-10-10T01:43:06.570262+00:00,yfinance-1.5.2:2026-10-10T01:43:06.570262+00:00
yahoo-ticker:XLY,XLY,2025-06-23,cash_distribution,0.2235,2026-10-10T01:43:07.010195+00:00,yfinance-1.5.2:2026-10-10T01:43:07.010195+00:00
yahoo-ticker:VNQ,VNQ,2025-06-26,cash_distribution,0.868,2026-10-10T01:43:02.060468+00:00,yfinance-1.5.2:2026-10-10T01:43:02.060468+00:00
yahoo-ticker:VTV,VTV,2025-06-30,cash_distribution,0.964,2026-10-10T01:43:02.424133+00:00,yfinance-1.5.2:2026-10-10T01:43:02.424133+00:00
yahoo-ticker:VUG,VUG,2025-06-30,cash_distribution,0.084,2026-10-10T01:43:02.762619+00:00,yfinance-1.5.2:2026-10-10T01:43:02.762619+00:00
yahoo-ticker:BIL,BIL,2025-07-01,cash_distribution,0.306,2026-10-10T01:42:54.346149+00:00,yfinance-1.5.2:2026-10-10T01:42:54.346149+00:00
yahoo-ticker:HYG,HYG,2025-07-01,cash_distribution,0.379,2026-10-10T01:42:56.450321+00:00,yfinance-1.5.2:2026-10-10T01:42:56.450321+00:00
yahoo-ticker:IEF,IEF,2025-07-01,cash_distribution,0.303,2026-10-10T01:42:57.071590+00:00,yfinance-1.5.2:2026-10-10T01:42:57.071590+00:00
yahoo-ticker:LQD,LQD,2025-07-01,cash_distribution,0.402,2026-10-10T01:42:57.875026+00:00,yfinance-1.5.2:2026-10-10T01:42:57.875026+00:00
yahoo-ticker:MBB,MBB,2025-07-01,cash_distribution,0.332,2026-10-10T01:42:58.253414+00:00,yfinance-1.5.2:2026-10-10T01:42:58.253414+00:00
yahoo-ticker:SHY,SHY,2025-07-01,cash_distribution,0.264,2026-10-10T01:42:59.247733+00:00,yfinance-1.5.2:2026-10-10T01:42:59.247733+00:00
yahoo-ticker:TIP,TIP,2025-07-01,cash_distribution,0.38,2026-10-10T01:43:00.393852+00:00,yfinance-1.5.2:2026-10-10T01:43:00.393852+00:00
yahoo-ticker:TLT,TLT,2025-07-01,cash_distribution,0.328,2026-10-10T01:43:00.768241+00:00,yfinance-1.5.2:2026-10-10T01:43:00.768241+00:00
yahoo-ticker:BIL,BIL,2025-08-01,cash_distribution,0.319,2026-10-10T01:42:54.346149+00:00,yfinance-1.5.2:2026-10-10T01:42:54.346149+00:00
yahoo-ticker:HYG,HYG,2025-08-01,cash_distribution,0.404,2026-10-10T01:42:56.450321+00:00,yfinance-1.5.2:2026-10-10T01:42:56.450321+00:00
yahoo-ticker:IEF,IEF,2025-08-01,cash_distribution,0.309,2026-10-10T01:42:57.071590+00:00,yfinance-1.5.2:2026-10-10T01:42:57.071590+00:00
yahoo-ticker:LQD,LQD,2025-08-01,cash_distribution,0.444,2026-10-10T01:42:57.875026+00:00,yfinance-1.5.2:2026-10-10T01:42:57.875026+00:00
yahoo-ticker:MBB,MBB,2025-08-01,cash_distribution,0.332,2026-10-10T01:42:58.253414+00:00,yfinance-1.5.2:2026-10-10T01:42:58.253414+00:00
yahoo-ticker:SHY,SHY,2025-08-01,cash_distribution,0.27,2026-10-10T01:42:59.247733+00:00,yfinance-1.5.2:2026-10-10T01:42:59.247733+00:00
yahoo-ticker:TIP,TIP,2025-08-01,cash_distribution,0.264,2026-10-10T01:43:00.393852+00:00,yfinance-1.5.2:2026-10-10T01:43:00.393852+00:00
yahoo-ticker:TLT,TLT,2025-08-01,cash_distribution,0.331,2026-10-10T01:43:00.768241+00:00,yfinance-1.5.2:2026-10-10T01:43:00.768241+00:00
yahoo-ticker:BIL,BIL,2025-09-02,cash_distribution,0.322,2026-10-10T01:42:54.346149+00:00,yfinance-1.5.2:2026-10-10T01:42:54.346149+00:00
yahoo-ticker:HYG,HYG,2025-09-02,cash_distribution,0.383,2026-10-10T01:42:56.450321+00:00,yfinance-1.5.2:2026-10-10T01:42:56.450321+00:00
yahoo-ticker:IEF,IEF,2025-09-02,cash_distribution,0.314,2026-10-10T01:42:57.071590+00:00,yfinance-1.5.2:2026-10-10T01:42:57.071590+00:00
yahoo-ticker:LQD,LQD,2025-09-02,cash_distribution,0.384,2026-10-10T01:42:57.875026+00:00,yfinance-1.5.2:2026-10-10T01:42:57.875026+00:00
yahoo-ticker:MBB,MBB,2025-09-02,cash_distribution,0.338,2026-10-10T01:42:58.253414+00:00,yfinance-1.5.2:2026-10-10T01:42:58.253414+00:00
yahoo-ticker:SHY,SHY,2025-09-02,cash_distribution,0.258,2026-10-10T01:42:59.247733+00:00,yfinance-1.5.2:2026-10-10T01:42:59.247733+00:00
yahoo-ticker:TIP,TIP,2025-09-02,cash_distribution,0.417,2026-10-10T01:43:00.393852+00:00,yfinance-1.5.2:2026-10-10T01:43:00.393852+00:00
yahoo-ticker:TLT,TLT,2025-09-02,cash_distribution,0.328,2026-10-10T01:43:00.768241+00:00,yfinance-1.5.2:2026-10-10T01:43:00.768241+00:00
yahoo-ticker:IWM,IWM,2025-09-16,cash_distribution,0.677,2026-10-10T01:42:57.484124+00:00,yfinance-1.5.2:2026-10-10T01:42:57.484124+00:00
yahoo-ticker:SPY,SPY,2025-09-19,cash_distribution,1.831,2026-10-10T01:42:59.974995+00:00,yfinance-1.5.2:2026-10-10T01:42:59.974995+00:00
yahoo-ticker:VEA,VEA,2025-09-19,cash_distribution,0.287,2026-10-10T01:43:01.730564+00:00,yfinance-1.5.2:2026-10-10T01:43:01.730564+00:00
yahoo-ticker:VWO,VWO,2025-09-19,cash_distribution,0.28,2026-10-10T01:43:03.149780+00:00,yfinance-1.5.2:2026-10-10T01:43:03.149780+00:00
yahoo-ticker:QQQ,QQQ,2025-09-22,cash_distribution,0.694,2026-10-10T01:42:58.808927+00:00,yfinance-1.5.2:2026-10-10T01:42:58.808927+00:00
yahoo-ticker:XLB,XLB,2025-09-22,cash_distribution,0.2145,2026-10-10T01:43:03.569166+00:00,yfinance-1.5.2:2026-10-10T01:43:03.569166+00:00
yahoo-ticker:XLE,XLE,2025-09-22,cash_distribution,0.3745,2026-10-10T01:43:04.018451+00:00,yfinance-1.5.2:2026-10-10T01:43:04.018451+00:00
yahoo-ticker:XLF,XLF,2025-09-22,cash_distribution,0.178,2026-10-10T01:43:04.466526+00:00,yfinance-1.5.2:2026-10-10T01:43:04.466526+00:00
yahoo-ticker:XLI,XLI,2025-09-22,cash_distribution,0.63,2026-10-10T01:43:04.894763+00:00,yfinance-1.5.2:2026-10-10T01:43:04.894763+00:00
yahoo-ticker:XLK,XLK,2025-09-22,cash_distribution,0.179,2026-10-10T01:43:05.330588+00:00,yfinance-1.5.2:2026-10-10T01:43:05.330588+00:00
yahoo-ticker:XLP,XLP,2025-09-22,cash_distribution,0.541,2026-10-10T01:43:05.749242+00:00,yfinance-1.5.2:2026-10-10T01:43:05.749242+00:00
yahoo-ticker:XLU,XLU,2025-09-22,cash_distribution,0.284,2026-10-10T01:43:06.185048+00:00,yfinance-1.5.2:2026-10-10T01:43:06.185048+00:00
yahoo-ticker:XLV,XLV,2025-09-22,cash_distribution,0.625,2026-10-10T01:43:06.570262+00:00,yfinance-1.5.2:2026-10-10T01:43:06.570262+00:00
yahoo-ticker:XLY,XLY,2025-09-22,cash_distribution,0.2125,2026-10-10T01:43:07.010195+00:00,yfinance-1.5.2:2026-10-10T01:43:07.010195+00:00
yahoo-ticker:VNQ,VNQ,2025-09-24,cash_distribution,0.872,2026-10-10T01:43:02.060468+00:00,yfinance-1.5.2:2026-10-10T01:43:02.060468+00:00
yahoo-ticker:VTV,VTV,2025-09-29,cash_distribution,0.943,2026-10-10T01:43:02.424133+00:00,yfinance-1.5.2:2026-10-10T01:43:02.424133+00:00
yahoo-ticker:VUG,VUG,2025-09-29,cash_distribution,0.0845,2026-10-10T01:43:02.762619+00:00,yfinance-1.5.2:2026-10-10T01:43:02.762619+00:00
yahoo-ticker:BIL,BIL,2025-10-01,cash_distribution,0.311,2026-10-10T01:42:54.346149+00:00,yfinance-1.5.2:2026-10-10T01:42:54.346149+00:00
yahoo-ticker:HYG,HYG,2025-10-01,cash_distribution,0.381,2026-10-10T01:42:56.450321+00:00,yfinance-1.5.2:2026-10-10T01:42:56.450321+00:00
yahoo-ticker:IEF,IEF,2025-10-01,cash_distribution,0.294,2026-10-10T01:42:57.071590+00:00,yfinance-1.5.2:2026-10-10T01:42:57.071590+00:00
yahoo-ticker:LQD,LQD,2025-10-01,cash_distribution,0.406,2026-10-10T01:42:57.875026+00:00,yfinance-1.5.2:2026-10-10T01:42:57.875026+00:00
yahoo-ticker:MBB,MBB,2025-10-01,cash_distribution,0.336,2026-10-10T01:42:58.253414+00:00,yfinance-1.5.2:2026-10-10T01:42:58.253414+00:00
yahoo-ticker:SHY,SHY,2025-10-01,cash_distribution,0.256,2026-10-10T01:42:59.247733+00:00,yfinance-1.5.2:2026-10-10T01:42:59.247733+00:00
yahoo-ticker:TIP,TIP,2025-10-01,cash_distribution,0.198,2026-10-10T01:43:00.393852+00:00,yfinance-1.5.2:2026-10-10T01:43:00.393852+00:00
yahoo-ticker:TLT,TLT,2025-10-01,cash_distribution,0.31,2026-10-10T01:43:00.768241+00:00,yfinance-1.5.2:2026-10-10T01:43:00.768241+00:00
yahoo-ticker:BIL,BIL,2025-11-03,cash_distribution,0.303,2026-10-10T01:42:54.346149+00:00,yfinance-1.5.2:2026-10-10T01:42:54.346149+00:00
yahoo-ticker:HYG,HYG,2025-11-03,cash_distribution,0.41,2026-10-10T01:42:56.450321+00:00,yfinance-1.5.2:2026-10-10T01:42:56.450321+00:00
yahoo-ticker:IEF,IEF,2025-11-03,cash_distribution,0.304,2026-10-10T01:42:57.071590+00:00,yfinance-1.5.2:2026-10-10T01:42:57.071590+00:00
yahoo-ticker:LQD,LQD,2025-11-03,cash_distribution,0.402,2026-10-10T01:42:57.875026+00:00,yfinance-1.5.2:2026-10-10T01:42:57.875026+00:00
yahoo-ticker:MBB,MBB,2025-11-03,cash_distribution,0.342,2026-10-10T01:42:58.253414+00:00,yfinance-1.5.2:2026-10-10T01:42:58.253414+00:00
yahoo-ticker:SHY,SHY,2025-11-03,cash_distribution,0.263,2026-10-10T01:42:59.247733+00:00,yfinance-1.5.2:2026-10-10T01:42:59.247733+00:00
yahoo-ticker:TIP,TIP,2025-11-03,cash_distribution,0.361,2026-10-10T01:43:00.393852+00:00,yfinance-1.5.2:2026-10-10T01:43:00.393852+00:00
yahoo-ticker:TLT,TLT,2025-11-03,cash_distribution,0.325,2026-10-10T01:43:00.768241+00:00,yfinance-1.5.2:2026-10-10T01:43:00.768241+00:00
yahoo-ticker:BIL,BIL,2025-12-01,cash_distribution,0.281,2026-10-10T01:42:54.346149+00:00,yfinance-1.5.2:2026-10-10T01:42:54.346149+00:00
yahoo-ticker:HYG,HYG,2025-12-01,cash_distribution,0.375,2026-10-10T01:42:56.450321+00:00,yfinance-1.5.2:2026-10-10T01:42:56.450321+00:00
yahoo-ticker:IEF,IEF,2025-12-01,cash_distribution,0.288,2026-10-10T01:42:57.071590+00:00,yfinance-1.5.2:2026-10-10T01:42:57.071590+00:00
yahoo-ticker:LQD,LQD,2025-12-01,cash_distribution,0.413,2026-10-10T01:42:57.875026+00:00,yfinance-1.5.2:2026-10-10T01:42:57.875026+00:00
yahoo-ticker:MBB,MBB,2025-12-01,cash_distribution,0.347,2026-10-10T01:42:58.253414+00:00,yfinance-1.5.2:2026-10-10T01:42:58.253414+00:00
yahoo-ticker:SHY,SHY,2025-12-01,cash_distribution,0.249,2026-10-10T01:42:59.247733+00:00,yfinance-1.5.2:2026-10-10T01:42:59.247733+00:00
yahoo-ticker:TIP,TIP,2025-12-01,cash_distribution,0.322,2026-10-10T01:43:00.393852+00:00,yfinance-1.5.2:2026-10-10T01:43:00.393852+00:00
yahoo-ticker:TLT,TLT,2025-12-01,cash_distribution,0.321,2026-10-10T01:43:00.768241+00:00,yfinance-1.5.2:2026-10-10T01:43:00.768241+00:00
yahoo-ticker:XLB,XLB,2025-12-05,stock_split,2.0,2026-10-10T01:43:03.569166+00:00,yfinance-1.5.2:2026-10-10T01:43:03.569166+00:00
yahoo-ticker:XLE,XLE,2025-12-05,stock_split,2.0,2026-10-10T01:43:04.018451+00:00,yfinance-1.5.2:2026-10-10T01:43:04.018451+00:00
yahoo-ticker:XLK,XLK,2025-12-05,stock_split,2.0,2026-10-10T01:43:05.330588+00:00,yfinance-1.5.2:2026-10-10T01:43:05.330588+00:00
yahoo-ticker:XLU,XLU,2025-12-05,stock_split,2.0,2026-10-10T01:43:06.185048+00:00,yfinance-1.5.2:2026-10-10T01:43:06.185048+00:00
yahoo-ticker:XLY,XLY,2025-12-05,stock_split,2.0,2026-10-10T01:43:07.010195+00:00,yfinance-1.5.2:2026-10-10T01:43:07.010195+00:00
yahoo-ticker:EEM,EEM,2025-12-16,cash_distribution,0.763,2026-10-10T01:42:55.050042+00:00,yfinance-1.5.2:2026-10-10T01:42:55.050042+00:00
yahoo-ticker:EFA,EFA,2025-12-16,cash_distribution,1.728,2026-10-10T01:42:55.419695+00:00,yfinance-1.5.2:2026-10-10T01:42:55.419695+00:00
yahoo-ticker:EWJ,EWJ,2025-12-16,cash_distribution,3.061,2026-10-10T01:42:55.842554+00:00,yfinance-1.5.2:2026-10-10T01:42:55.842554+00:00
yahoo-ticker:IWM,IWM,2025-12-16,cash_distribution,0.842,2026-10-10T01:42:57.484124+00:00,yfinance-1.5.2:2026-10-10T01:42:57.484124+00:00
yahoo-ticker:BIL,BIL,2025-12-18,cash_distribution,0.365,2026-10-10T01:42:54.346149+00:00,yfinance-1.5.2:2026-10-10T01:42:54.346149+00:00
yahoo-ticker:HYG,HYG,2025-12-19,cash_distribution,0.381,2026-10-10T01:42:56.450321+00:00,yfinance-1.5.2:2026-10-10T01:42:56.450321+00:00
yahoo-ticker:IEF,IEF,2025-12-19,cash_distribution,0.313,2026-10-10T01:42:57.071590+00:00,yfinance-1.5.2:2026-10-10T01:42:57.071590+00:00
yahoo-ticker:LQD,LQD,2025-12-19,cash_distribution,0.436,2026-10-10T01:42:57.875026+00:00,yfinance-1.5.2:2026-10-10T01:42:57.875026+00:00
yahoo-ticker:MBB,MBB,2025-12-19,cash_distribution,0.334,2026-10-10T01:42:58.253414+00:00,yfinance-1.5.2:2026-10-10T01:42:58.253414+00:00
yahoo-ticker:SHY,SHY,2025-12-19,cash_distribution,0.255,2026-10-10T01:42:59.247733+00:00,yfinance-1.5.2:2026-10-10T01:42:59.247733+00:00
yahoo-ticker:SPY,SPY,2025-12-19,cash_distribution,1.993,2026-10-10T01:42:59.974995+00:00,yfinance-1.5.2:2026-10-10T01:42:59.974995+00:00
yahoo-ticker:TIP,TIP,2025-12-19,cash_distribution,0.342,2026-10-10T01:43:00.393852+00:00,yfinance-1.5.2:2026-10-10T01:43:00.393852+00:00
yahoo-ticker:TLT,TLT,2025-12-19,cash_distribution,0.342,2026-10-10T01:43:00.768241+00:00,yfinance-1.5.2:2026-10-10T01:43:00.768241+00:00
yahoo-ticker:VEA,VEA,2025-12-19,cash_distribution,1.04,2026-10-10T01:43:01.730564+00:00,yfinance-1.5.2:2026-10-10T01:43:01.730564+00:00
yahoo-ticker:VWO,VWO,2025-12-19,cash_distribution,1.033,2026-10-10T01:43:03.149780+00:00,yfinance-1.5.2:2026-10-10T01:43:03.149780+00:00
yahoo-ticker:DBA,DBA,2025-12-22,cash_distribution,0.912,2026-10-10T01:42:54.687713+00:00,yfinance-1.5.2:2026-10-10T01:42:54.687713+00:00
yahoo-ticker:PDBC,PDBC,2025-12-22,cash_distribution,0.509,2026-10-10T01:42:58.484360+00:00,yfinance-1.5.2:2026-10-10T01:42:58.484360+00:00
yahoo-ticker:QQQ,QQQ,2025-12-22,cash_distribution,0.794,2026-10-10T01:42:58.808927+00:00,yfinance-1.5.2:2026-10-10T01:42:58.808927+00:00
yahoo-ticker:UUP,UUP,2025-12-22,cash_distribution,0.927,2026-10-10T01:43:01.392906+00:00,yfinance-1.5.2:2026-10-10T01:43:01.392906+00:00
yahoo-ticker:VNQ,VNQ,2025-12-22,cash_distribution,0.801,2026-10-10T01:43:02.060468+00:00,yfinance-1.5.2:2026-10-10T01:43:02.060468+00:00
yahoo-ticker:VTV,VTV,2025-12-22,cash_distribution,0.986,2026-10-10T01:43:02.424133+00:00,yfinance-1.5.2:2026-10-10T01:43:02.424133+00:00
yahoo-ticker:VUG,VUG,2025-12-22,cash_distribution,0.083167,2026-10-10T01:43:02.762619+00:00,yfinance-1.5.2:2026-10-10T01:43:02.762619+00:00
yahoo-ticker:XLB,XLB,2025-12-22,cash_distribution,0.233,2026-10-10T01:43:03.569166+00:00,yfinance-1.5.2:2026-10-10T01:43:03.569166+00:00
yahoo-ticker:XLE,XLE,2025-12-22,cash_distribution,0.373,2026-10-10T01:43:04.018451+00:00,yfinance-1.5.2:2026-10-10T01:43:04.018451+00:00
yahoo-ticker:XLF,XLF,2025-12-22,cash_distribution,0.191,2026-10-10T01:43:04.466526+00:00,yfinance-1.5.2:2026-10-10T01:43:04.466526+00:00
yahoo-ticker:XLI,XLI,2025-12-22,cash_distribution,0.532,2026-10-10T01:43:04.894763+00:00,yfinance-1.5.2:2026-10-10T01:43:04.894763+00:00
yahoo-ticker:XLK,XLK,2025-12-22,cash_distribution,0.219,2026-10-10T01:43:05.330588+00:00,yfinance-1.5.2:2026-10-10T01:43:05.330588+00:00
yahoo-ticker:XLP,XLP,2025-12-22,cash_distribution,0.627,2026-10-10T01:43:05.749242+00:00,yfinance-1.5.2:2026-10-10T01:43:05.749242+00:00
yahoo-ticker:XLU,XLU,2025-12-22,cash_distribution,0.317,2026-10-10T01:43:06.185048+00:00,yfinance-1.5.2:2026-10-10T01:43:06.185048+00:00
yahoo-ticker:XLV,XLV,2025-12-22,cash_distribution,0.657,2026-10-10T01:43:06.570262+00:00,yfinance-1.5.2:2026-10-10T01:43:06.570262+00:00
yahoo-ticker:XLY,XLY,2025-12-22,cash_distribution,0.241,2026-10-10T01:43:07.010195+00:00,yfinance-1.5.2:2026-10-10T01:43:07.010195+00:00
yahoo-ticker:BIL,BIL,2026-02-02,cash_distribution,0.274,2026-10-10T01:42:54.346149+00:00,yfinance-1.5.2:2026-10-10T01:42:54.346149+00:00
yahoo-ticker:HYG,HYG,2026-02-02,cash_distribution,0.399,2026-10-10T01:42:56.450321+00:00,yfinance-1.5.2:2026-10-10T01:42:56.450321+00:00
yahoo-ticker:IEF,IEF,2026-02-02,cash_distribution,0.312,2026-10-10T01:42:57.071590+00:00,yfinance-1.5.2:2026-10-10T01:42:57.071590+00:00
yahoo-ticker:LQD,LQD,2026-02-02,cash_distribution,0.408,2026-10-10T01:42:57.875026+00:00,yfinance-1.5.2:2026-10-10T01:42:57.875026+00:00
yahoo-ticker:MBB,MBB,2026-02-02,cash_distribution,0.335,2026-10-10T01:42:58.253414+00:00,yfinance-1.5.2:2026-10-10T01:42:58.253414+00:00
yahoo-ticker:SHY,SHY,2026-02-02,cash_distribution,0.25,2026-10-10T01:42:59.247733+00:00,yfinance-1.5.2:2026-10-10T01:42:59.247733+00:00
yahoo-ticker:TLT,TLT,2026-02-02,cash_distribution,0.332,2026-10-10T01:43:00.768241+00:00,yfinance-1.5.2:2026-10-10T01:43:00.768241+00:00
yahoo-ticker:BIL,BIL,2026-03-02,cash_distribution,0.243,2026-10-10T01:42:54.346149+00:00,yfinance-1.5.2:2026-10-10T01:42:54.346149+00:00
yahoo-ticker:HYG,HYG,2026-03-02,cash_distribution,0.394,2026-10-10T01:42:56.450321+00:00,yfinance-1.5.2:2026-10-10T01:42:56.450321+00:00
yahoo-ticker:IEF,IEF,2026-03-02,cash_distribution,0.283,2026-10-10T01:42:57.071590+00:00,yfinance-1.5.2:2026-10-10T01:42:57.071590+00:00
yahoo-ticker:LQD,LQD,2026-03-02,cash_distribution,0.383,2026-10-10T01:42:57.875026+00:00,yfinance-1.5.2:2026-10-10T01:42:57.875026+00:00
yahoo-ticker:MBB,MBB,2026-03-02,cash_distribution,0.328,2026-10-10T01:42:58.253414+00:00,yfinance-1.5.2:2026-10-10T01:42:58.253414+00:00
yahoo-ticker:SHY,SHY,2026-03-02,cash_distribution,0.223,2026-10-10T01:42:59.247733+00:00,yfinance-1.5.2:2026-10-10T01:42:59.247733+00:00
yahoo-ticker:TLT,TLT,2026-03-02,cash_distribution,0.301,2026-10-10T01:43:00.768241+00:00,yfinance-1.5.2:2026-10-10T01:43:00.768241+00:00
yahoo-ticker:IWM,IWM,2026-03-17,cash_distribution,0.442,2026-10-10T01:42:57.484124+00:00,yfinance-1.5.2:2026-10-10T01:42:57.484124+00:00
yahoo-ticker:SPY,SPY,2026-03-20,cash_distribution,1.797,2026-10-10T01:42:59.974995+00:00,yfinance-1.5.2:2026-10-10T01:42:59.974995+00:00
yahoo-ticker:VEA,VEA,2026-03-20,cash_distribution,0.109,2026-10-10T01:43:01.730564+00:00,yfinance-1.5.2:2026-10-10T01:43:01.730564+00:00
yahoo-ticker:QQQ,QQQ,2026-03-23,cash_distribution,0.733,2026-10-10T01:42:58.808927+00:00,yfinance-1.5.2:2026-10-10T01:42:58.808927+00:00
yahoo-ticker:XLB,XLB,2026-03-23,cash_distribution,0.208,2026-10-10T01:43:03.569166+00:00,yfinance-1.5.2:2026-10-10T01:43:03.569166+00:00
yahoo-ticker:XLE,XLE,2026-03-23,cash_distribution,0.385,2026-10-10T01:43:04.018451+00:00,yfinance-1.5.2:2026-10-10T01:43:04.018451+00:00
yahoo-ticker:XLF,XLF,2026-03-23,cash_distribution,0.251,2026-10-10T01:43:04.466526+00:00,yfinance-1.5.2:2026-10-10T01:43:04.466526+00:00
yahoo-ticker:XLI,XLI,2026-03-23,cash_distribution,0.453,2026-10-10T01:43:04.894763+00:00,yfinance-1.5.2:2026-10-10T01:43:04.894763+00:00
yahoo-ticker:XLK,XLK,2026-03-23,cash_distribution,0.168,2026-10-10T01:43:05.330588+00:00,yfinance-1.5.2:2026-10-10T01:43:05.330588+00:00
yahoo-ticker:XLP,XLP,2026-03-23,cash_distribution,0.455,2026-10-10T01:43:05.749242+00:00,yfinance-1.5.2:2026-10-10T01:43:05.749242+00:00
yahoo-ticker:XLU,XLU,2026-03-23,cash_distribution,0.31,2026-10-10T01:43:06.185048+00:00,yfinance-1.5.2:2026-10-10T01:43:06.185048+00:00
yahoo-ticker:XLV,XLV,2026-03-23,cash_distribution,0.595,2026-10-10T01:43:06.570262+00:00,yfinance-1.5.2:2026-10-10T01:43:06.570262+00:00
yahoo-ticker:XLY,XLY,2026-03-23,cash_distribution,0.216,2026-10-10T01:43:07.010195+00:00,yfinance-1.5.2:2026-10-10T01:43:07.010195+00:00
yahoo-ticker:VNQ,VNQ,2026-03-24,cash_distribution,0.946,2026-10-10T01:43:02.060468+00:00,yfinance-1.5.2:2026-10-10T01:43:02.060468+00:00
yahoo-ticker:VTV,VTV,2026-03-27,cash_distribution,1.079,2026-10-10T01:43:02.424133+00:00,yfinance-1.5.2:2026-10-10T01:43:02.424133+00:00
yahoo-ticker:VUG,VUG,2026-03-27,cash_distribution,0.079667,2026-10-10T01:43:02.762619+00:00,yfinance-1.5.2:2026-10-10T01:43:02.762619+00:00
yahoo-ticker:BIL,BIL,2026-04-01,cash_distribution,0.264,2026-10-10T01:42:54.346149+00:00,yfinance-1.5.2:2026-10-10T01:42:54.346149+00:00
yahoo-ticker:HYG,HYG,2026-04-01,cash_distribution,0.384,2026-10-10T01:42:56.450321+00:00,yfinance-1.5.2:2026-10-10T01:42:56.450321+00:00
yahoo-ticker:IEF,IEF,2026-04-01,cash_distribution,0.317,2026-10-10T01:42:57.071590+00:00,yfinance-1.5.2:2026-10-10T01:42:57.071590+00:00
yahoo-ticker:LQD,LQD,2026-04-01,cash_distribution,0.446,2026-10-10T01:42:57.875026+00:00,yfinance-1.5.2:2026-10-10T01:42:57.875026+00:00
yahoo-ticker:MBB,MBB,2026-04-01,cash_distribution,0.333,2026-10-10T01:42:58.253414+00:00,yfinance-1.5.2:2026-10-10T01:42:58.253414+00:00
yahoo-ticker:SHY,SHY,2026-04-01,cash_distribution,0.247,2026-10-10T01:42:59.247733+00:00,yfinance-1.5.2:2026-10-10T01:42:59.247733+00:00
yahoo-ticker:TLT,TLT,2026-04-01,cash_distribution,0.345,2026-10-10T01:43:00.768241+00:00,yfinance-1.5.2:2026-10-10T01:43:00.768241+00:00
yahoo-ticker:VUG,VUG,2026-04-21,stock_split,6.0,2026-10-10T01:43:02.762619+00:00,yfinance-1.5.2:2026-10-10T01:43:02.762619+00:00
yahoo-ticker:BIL,BIL,2026-05-01,cash_distribution,0.27,2026-10-10T01:42:54.346149+00:00,yfinance-1.5.2:2026-10-10T01:42:54.346149+00:00
yahoo-ticker:HYG,HYG,2026-05-01,cash_distribution,0.419,2026-10-10T01:42:56.450321+00:00,yfinance-1.5.2:2026-10-10T01:42:56.450321+00:00
yahoo-ticker:IEF,IEF,2026-05-01,cash_distribution,0.312,2026-10-10T01:42:57.071590+00:00,yfinance-1.5.2:2026-10-10T01:42:57.071590+00:00
yahoo-ticker:LQD,LQD,2026-05-01,cash_distribution,0.425,2026-10-10T01:42:57.875026+00:00,yfinance-1.5.2:2026-10-10T01:42:57.875026+00:00
yahoo-ticker:MBB,MBB,2026-05-01,cash_distribution,0.335,2026-10-10T01:42:58.253414+00:00,yfinance-1.5.2:2026-10-10T01:42:58.253414+00:00
yahoo-ticker:SHY,SHY,2026-05-01,cash_distribution,0.243,2026-10-10T01:42:59.247733+00:00,yfinance-1.5.2:2026-10-10T01:42:59.247733+00:00
yahoo-ticker:TIP,TIP,2026-05-01,cash_distribution,0.561,2026-10-10T01:43:00.393852+00:00,yfinance-1.5.2:2026-10-10T01:43:00.393852+00:00
yahoo-ticker:TLT,TLT,2026-05-01,cash_distribution,0.315,2026-10-10T01:43:00.768241+00:00,yfinance-1.5.2:2026-10-10T01:43:00.768241+00:00
yahoo-ticker:BIL,BIL,2026-06-01,cash_distribution,0.269,2026-10-10T01:42:54.346149+00:00,yfinance-1.5.2:2026-10-10T01:42:54.346149+00:00
yahoo-ticker:HYG,HYG,2026-06-01,cash_distribution,0.409,2026-10-10T01:42:56.450321+00:00,yfinance-1.5.2:2026-10-10T01:42:56.450321+00:00
yahoo-ticker:IEF,IEF,2026-06-01,cash_distribution,0.317,2026-10-10T01:42:57.071590+00:00,yfinance-1.5.2:2026-10-10T01:42:57.071590+00:00
yahoo-ticker:LQD,LQD,2026-06-01,cash_distribution,0.413,2026-10-10T01:42:57.875026+00:00,yfinance-1.5.2:2026-10-10T01:42:57.875026+00:00
yahoo-ticker:MBB,MBB,2026-06-01,cash_distribution,0.333,2026-10-10T01:42:58.253414+00:00,yfinance-1.5.2:2026-10-10T01:42:58.253414+00:00
yahoo-ticker:SHY,SHY,2026-06-01,cash_distribution,0.243,2026-10-10T01:42:59.247733+00:00,yfinance-1.5.2:2026-10-10T01:42:59.247733+00:00
yahoo-ticker:TIP,TIP,2026-06-01,cash_distribution,1.278,2026-10-10T01:43:00.393852+00:00,yfinance-1.5.2:2026-10-10T01:43:00.393852+00:00
yahoo-ticker:TLT,TLT,2026-06-01,cash_distribution,0.336,2026-10-10T01:43:00.768241+00:00,yfinance-1.5.2:2026-10-10T01:43:00.768241+00:00
yahoo-ticker:EEM,EEM,2026-06-15,cash_distribution,0.351,2026-10-10T01:42:55.050042+00:00,yfinance-1.5.2:2026-10-10T01:42:55.050042+00:00
yahoo-ticker:EFA,EFA,2026-06-15,cash_distribution,1.636,2026-10-10T01:42:55.419695+00:00,yfinance-1.5.2:2026-10-10T01:42:55.419695+00:00
yahoo-ticker:EWJ,EWJ,2026-06-15,cash_distribution,0.501,2026-10-10T01:42:55.842554+00:00,yfinance-1.5.2:2026-10-10T01:42:55.842554+00:00
yahoo-ticker:IWM,IWM,2026-06-15,cash_distribution,0.695,2026-10-10T01:42:57.484124+00:00,yfinance-1.5.2:2026-10-10T01:42:57.484124+00:00
yahoo-ticker:SPY,SPY,2026-06-18,cash_distribution,1.904,2026-10-10T01:42:59.974995+00:00,yfinance-1.5.2:2026-10-10T01:42:59.974995+00:00
yahoo-ticker:VEA,VEA,2026-06-18,cash_distribution,0.377,2026-10-10T01:43:01.730564+00:00,yfinance-1.5.2:2026-10-10T01:43:01.730564+00:00
yahoo-ticker:VWO,VWO,2026-06-18,cash_distribution,0.071,2026-10-10T01:43:03.149780+00:00,yfinance-1.5.2:2026-10-10T01:43:03.149780+00:00
yahoo-ticker:QQQ,QQQ,2026-06-22,cash_distribution,0.813,2026-10-10T01:42:58.808927+00:00,yfinance-1.5.2:2026-10-10T01:42:58.808927+00:00
yahoo-ticker:XLB,XLB,2026-06-22,cash_distribution,0.193,2026-10-10T01:43:03.569166+00:00,yfinance-1.5.2:2026-10-10T01:43:03.569166+00:00
yahoo-ticker:XLE,XLE,2026-06-22,cash_distribution,0.385,2026-10-10T01:43:04.018451+00:00,yfinance-1.5.2:2026-10-10T01:43:04.018451+00:00
yahoo-ticker:XLF,XLF,2026-06-22,cash_distribution,0.187,2026-10-10T01:43:04.466526+00:00,yfinance-1.5.2:2026-10-10T01:43:04.466526+00:00
yahoo-ticker:XLI,XLI,2026-06-22,cash_distribution,0.444,2026-10-10T01:43:04.894763+00:00,yfinance-1.5.2:2026-10-10T01:43:04.894763+00:00
yahoo-ticker:XLK,XLK,2026-06-22,cash_distribution,0.228,2026-10-10T01:43:05.330588+00:00,yfinance-1.5.2:2026-10-10T01:43:05.330588+00:00
yahoo-ticker:XLP,XLP,2026-06-22,cash_distribution,0.574,2026-10-10T01:43:05.749242+00:00,yfinance-1.5.2:2026-10-10T01:43:05.749242+00:00
yahoo-ticker:XLU,XLU,2026-06-22,cash_distribution,0.284,2026-10-10T01:43:06.185048+00:00,yfinance-1.5.2:2026-10-10T01:43:06.185048+00:00
yahoo-ticker:XLV,XLV,2026-06-22,cash_distribution,0.656,2026-10-10T01:43:06.570262+00:00,yfinance-1.5.2:2026-10-10T01:43:06.570262+00:00
yahoo-ticker:XLY,XLY,2026-06-22,cash_distribution,0.233,2026-10-10T01:43:07.010195+00:00,yfinance-1.5.2:2026-10-10T01:43:07.010195+00:00
yahoo-ticker:VNQ,VNQ,2026-06-24,cash_distribution,0.855,2026-10-10T01:43:02.060468+00:00,yfinance-1.5.2:2026-10-10T01:43:02.060468+00:00
yahoo-ticker:VTV,VTV,2026-06-26,cash_distribution,1.082,2026-10-10T01:43:02.424133+00:00,yfinance-1.5.2:2026-10-10T01:43:02.424133+00:00
yahoo-ticker:VUG,VUG,2026-06-26,cash_distribution,0.092,2026-10-10T01:43:02.762619+00:00,yfinance-1.5.2:2026-10-10T01:43:02.762619+00:00
yahoo-ticker:BIL,BIL,2026-07-01,cash_distribution,0.268,2026-10-10T01:42:54.346149+00:00,yfinance-1.5.2:2026-10-10T01:42:54.346149+00:00
yahoo-ticker:HYG,HYG,2026-07-01,cash_distribution,0.369,2026-10-10T01:42:56.450321+00:00,yfinance-1.5.2:2026-10-10T01:42:56.450321+00:00
yahoo-ticker:IEF,IEF,2026-07-01,cash_distribution,0.311,2026-10-10T01:42:57.071590+00:00,yfinance-1.5.2:2026-10-10T01:42:57.071590+00:00
yahoo-ticker:LQD,LQD,2026-07-01,cash_distribution,0.382,2026-10-10T01:42:57.875026+00:00,yfinance-1.5.2:2026-10-10T01:42:57.875026+00:00
yahoo-ticker:MBB,MBB,2026-07-01,cash_distribution,0.337,2026-10-10T01:42:58.253414+00:00,yfinance-1.5.2:2026-10-10T01:42:58.253414+00:00
yahoo-ticker:SHY,SHY,2026-07-01,cash_distribution,0.238,2026-10-10T01:42:59.247733+00:00,yfinance-1.5.2:2026-10-10T01:42:59.247733+00:00
yahoo-ticker:TIP,TIP,2026-07-01,cash_distribution,1.058,2026-10-10T01:43:00.393852+00:00,yfinance-1.5.2:2026-10-10T01:43:00.393852+00:00
yahoo-ticker:TLT,TLT,2026-07-01,cash_distribution,0.318,2026-10-10T01:43:00.768241+00:00,yfinance-1.5.2:2026-10-10T01:43:00.768241+00:00
yahoo-ticker:BIL,BIL,2026-08-03,cash_distribution,0.273,2026-10-10T01:42:54.346149+00:00,yfinance-1.5.2:2026-10-10T01:42:54.346149+00:00
yahoo-ticker:HYG,HYG,2026-08-03,cash_distribution,0.384,2026-10-10T01:42:56.450321+00:00,yfinance-1.5.2:2026-10-10T01:42:56.450321+00:00
yahoo-ticker:IEF,IEF,2026-08-03,cash_distribution,0.318,2026-10-10T01:42:57.071590+00:00,yfinance-1.5.2:2026-10-10T01:42:57.071590+00:00
yahoo-ticker:LQD,LQD,2026-08-03,cash_distribution,0.458,2026-10-10T01:42:57.875026+00:00,yfinance-1.5.2:2026-10-10T01:42:57.875026+00:00
yahoo-ticker:MBB,MBB,2026-08-03,cash_distribution,0.341,2026-10-10T01:42:58.253414+00:00,yfinance-1.5.2:2026-10-10T01:42:58.253414+00:00
yahoo-ticker:SHY,SHY,2026-08-03,cash_distribution,0.251,2026-10-10T01:42:59.247733+00:00,yfinance-1.5.2:2026-10-10T01:42:59.247733+00:00
yahoo-ticker:TIP,TIP,2026-08-03,cash_distribution,0.784,2026-10-10T01:43:00.393852+00:00,yfinance-1.5.2:2026-10-10T01:43:00.393852+00:00
yahoo-ticker:TLT,TLT,2026-08-03,cash_distribution,0.33,2026-10-10T01:43:00.768241+00:00,yfinance-1.5.2:2026-10-10T01:43:00.768241+00:00
yahoo-ticker:BIL,BIL,2026-09-01,cash_distribution,0.28,2026-10-10T01:42:54.346149+00:00,yfinance-1.5.2:2026-10-10T01:42:54.346149+00:00
yahoo-ticker:HYG,HYG,2026-09-01,cash_distribution,0.435,2026-10-10T01:42:56.450321+00:00,yfinance-1.5.2:2026-10-10T01:42:56.450321+00:00
yahoo-ticker:IEF,IEF,2026-09-01,cash_distribution,0.332,2026-10-10T01:42:57.071590+00:00,yfinance-1.5.2:2026-10-10T01:42:57.071590+00:00
yahoo-ticker:LQD,LQD,2026-09-01,cash_distribution,0.444,2026-10-10T01:42:57.875026+00:00,yfinance-1.5.2:2026-10-10T01:42:57.875026+00:00
yahoo-ticker:MBB,MBB,2026-09-01,cash_distribution,0.339,2026-10-10T01:42:58.253414+00:00,yfinance-1.5.2:2026-10-10T01:42:58.253414+00:00
yahoo-ticker:SHY,SHY,2026-09-01,cash_distribution,0.244,2026-10-10T01:42:59.247733+00:00,yfinance-1.5.2:2026-10-10T01:42:59.247733+00:00
yahoo-ticker:TLT,TLT,2026-09-01,cash_distribution,0.315,2026-10-10T01:43:00.768241+00:00,yfinance-1.5.2:2026-10-10T01:43:00.768241+00:00
yahoo-ticker:IWM,IWM,2026-09-15,cash_distribution,0.75,2026-10-10T01:42:57.484124+00:00,yfinance-1.5.2:2026-10-10T01:42:57.484124+00:00
yahoo-ticker:SPY,SPY,2026-09-18,cash_distribution,1.889,2026-10-10T01:42:59.974995+00:00,yfinance-1.5.2:2026-10-10T01:42:59.974995+00:00
yahoo-ticker:VEA,VEA,2026-09-18,cash_distribution,0.178,2026-10-10T01:43:01.730564+00:00,yfinance-1.5.2:2026-10-10T01:43:01.730564+00:00
yahoo-ticker:VWO,VWO,2026-09-18,cash_distribution,0.114,2026-10-10T01:43:03.149780+00:00,yfinance-1.5.2:2026-10-10T01:43:03.149780+00:00
yahoo-ticker:QQQ,QQQ,2026-09-21,cash_distribution,0.751,2026-10-10T01:42:58.808927+00:00,yfinance-1.5.2:2026-10-10T01:42:58.808927+00:00
yahoo-ticker:XLB,XLB,2026-09-21,cash_distribution,0.229,2026-10-10T01:43:03.569166+00:00,yfinance-1.5.2:2026-10-10T01:43:03.569166+00:00
yahoo-ticker:XLE,XLE,2026-09-21,cash_distribution,0.38,2026-10-10T01:43:04.018451+00:00,yfinance-1.5.2:2026-10-10T01:43:04.018451+00:00
yahoo-ticker:XLF,XLF,2026-09-21,cash_distribution,0.197,2026-10-10T01:43:04.466526+00:00,yfinance-1.5.2:2026-10-10T01:43:04.466526+00:00
yahoo-ticker:XLI,XLI,2026-09-21,cash_distribution,0.455,2026-10-10T01:43:04.894763+00:00,yfinance-1.5.2:2026-10-10T01:43:04.894763+00:00
yahoo-ticker:XLK,XLK,2026-09-21,cash_distribution,0.221,2026-10-10T01:43:05.330588+00:00,yfinance-1.5.2:2026-10-10T01:43:05.330588+00:00
yahoo-ticker:XLP,XLP,2026-09-21,cash_distribution,0.541,2026-10-10T01:43:05.749242+00:00,yfinance-1.5.2:2026-10-10T01:43:05.749242+00:00
yahoo-ticker:XLU,XLU,2026-09-21,cash_distribution,0.3,2026-10-10T01:43:06.185048+00:00,yfinance-1.5.2:2026-10-10T01:43:06.185048+00:00
yahoo-ticker:XLV,XLV,2026-09-21,cash_distribution,0.642,2026-10-10T01:43:06.570262+00:00,yfinance-1.5.2:2026-10-10T01:43:06.570262+00:00
yahoo-ticker:XLY,XLY,2026-09-21,cash_distribution,0.244,2026-10-10T01:43:07.010195+00:00,yfinance-1.5.2:2026-10-10T01:43:07.010195+00:00
yahoo-ticker:VNQ,VNQ,2026-09-23,cash_distribution,0.805,2026-10-10T01:43:02.060468+00:00,yfinance-1.5.2:2026-10-10T01:43:02.060468+00:00
yahoo-ticker:VTV,VTV,2026-09-28,cash_distribution,1.017,2026-10-10T01:43:02.424133+00:00,yfinance-1.5.2:2026-10-10T01:43:02.424133+00:00
yahoo-ticker:VUG,VUG,2026-09-28,cash_distribution,0.091,2026-10-10T01:43:02.762619+00:00,yfinance-1.5.2:2026-10-10T01:43:02.762619+00:00
yahoo-ticker:BIL,BIL,2026-10-01,cash_distribution,0.263,2026-10-10T01:42:54.346149+00:00,yfinance-1.5.2:2026-10-10T01:42:54.346149+00:00
yahoo-ticker:HYG,HYG,2026-10-01,cash_distribution,0.342,2026-10-10T01:42:56.450321+00:00,yfinance-1.5.2:2026-10-10T01:42:56.450321+00:00
yahoo-ticker:IEF,IEF,2026-10-01,cash_distribution,0.307,2026-10-10T01:42:57.071590+00:00,yfinance-1.5.2:2026-10-10T01:42:57.071590+00:00
yahoo-ticker:LQD,LQD,2026-10-01,cash_distribution,0.439,2026-10-10T01:42:57.875026+00:00,yfinance-1.5.2:2026-10-10T01:42:57.875026+00:00
yahoo-ticker:MBB,MBB,2026-10-01,cash_distribution,0.366,2026-10-10T01:42:58.253414+00:00,yfinance-1.5.2:2026-10-10T01:42:58.253414+00:00
yahoo-ticker:SHY,SHY,2026-10-01,cash_distribution,0.241,2026-10-10T01:42:59.247733+00:00,yfinance-1.5.2:2026-10-10T01:42:59.247733+00:00
yahoo-ticker:TLT,TLT,2026-10-01,cash_distribution,0.312,2026-10-10T01:43:00.768241+00:00,yfinance-1.5.2:2026-10-10T01:43:00.768241+00:00
