Date,net_return,wealth,target_growth_allocation,pretrade_growth_allocation,allocation_turnover,outer_cost,high_confidence,growth_momentum_13w_prior,incumbent_momentum_13w_prior,growth_momentum_long_prior,incumbent_momentum_long_prior,drawdown
2023-01-06,0.03879594349877036,1.0387959434987704,0.2,0.2,0.0,0.0,False,,,,,0.0
2023-01-13,0.0044455447585047825,1.0434139573605474,0.2,0.20013078980853852,0.0001307898085385062,2.6157961707701235e-06,False,,,,,0.0
2023-01-20,0.02335766979513565,1.0677856760362108,0.2,0.19855281006107092,0.0014471899389290888,2.8943798778581772e-05,False,,,,,0.0
2023-01-27,0.01603274708614766,1.0849052137223105,0.2,0.19654912966179752,0.0034508703382024886,6.901740676404976e-05,False,,,,,0.0
2023-02-03,-0.00970509451276702,1.0743761060857417,0.2,0.20224817900802503,0.002248179008025014,4.4963580160500285e-05,False,,,,,-0.00970509451276702
2023-02-10,-0.005667441750570323,1.0682871420862963,0.2,0.20034137033629257,0.00034137033629255686,6.8274067258511375e-06,False,,,,,-0.015317533205502443
2023-02-17,-0.021800391727619495,1.044998063911236,0.2,0.19577747670689932,0.004222523293100688,8.445046586201377e-05,False,,,,,-0.03678399670894117
2023-02-24,0.025846119395869893,1.0720072086395387,0.2,0.20444892487222852,0.004448924872228505,8.89784974445701e-05,False,,,,,-0.011888600883867784
2023-03-03,-0.04208560109979009,1.0268911408806356,0.2,0.1979890758661454,0.002010924133854619,4.021848267709238e-05,False,,,,,-0.05347386306922486
2023-03-10,0.015641986270703567,1.0429537580077977,0.2,0.1910203720791945,0.008979627920805505,0.0001795925584161101,False,,,,,-0.03866831423049155
2023-03-17,0.020642045958269017,1.0644824574129441,0.2,0.1924441232798666,0.007555876720133414,0.00015111753440266826,False,,,,,-0.018824461391697023
2023-03-24,0.04085419606146079,1.1079710324320782,0.2,0.1993948515049971,0.0006051484950028996,1.210296990005799e-05,False,,,,,0.0
2023-03-31,-0.02094474409830338,1.0847648626894553,0.2,0.20339323288696426,0.003393232886964248,6.786465773928497e-05,False,,,,,-0.02094474409830338
2023-04-07,0.006962900212723833,1.092317972182631,0.2,0.19746611695197236,0.002533883048027652,5.067766096055305e-05,False,-0.02160216696734596,0.11324116106884508,,,-0.014127680048717117
2023-04-14,-0.005607134203274633,1.0861931987199542,0.2,0.20764207017367292,0.00764207017367291,0.00015284140347345817,False,-0.015938689111238857,0.06904729571235735,,,-0.019655598453977574
2023-04-21,0.0011116094051106806,1.0874006212954186,0.2,0.20085714229319243,0.00085714229319242,1.7142845863848395e-05,False,-0.014332925820631837,0.05546365116509966,,,-0.018565838396971457
2023-04-28,-0.003438363257404209,1.083661742953078,0.2,0.18572096847749503,0.014279031522504981,0.0002855806304500996,False,-0.08889173212186763,0.046422648660331856,,,-0.021940365557788555
2023-05-05,-0.00029591139803830657,1.08334107509172,0.2,0.19798032373233282,0.002019676267667192,4.039352535334383e-05,False,-0.1250204039189643,0.0320836017145818,,,-0.0222297845515812
2023-05-12,0.027643479681141336,1.113288392088764,0.2,0.20595280598812696,0.005952805988126947,0.00011905611976253894,False,-0.09197054277866479,0.03457386545561336,,,0.0
2023-05-19,0.026353019415439993,1.1426269027004632,0.2,0.19746409896627282,0.0025359010337271948,5.07180206745439e-05,False,-0.05335986594517628,0.06711025924263048,,,0.0
2023-05-26,0.016419631324908313,1.1613884151847267,0.2,0.19647286349856033,0.0035271365014396816,7.054273002879363e-05,False,-0.04554098194214362,0.1308276147801919,,,0.0
2023-06-02,-0.00470346050733661,1.1559258706402271,0.2,0.20552206177524338,0.005522061775243364,0.00011044123550486728,False,-0.01834852697660061,0.10989215271485264,,,-0.00470346050733661
2023-06-09,0.034414633390883465,1.1957066357053483,0.2,0.19851924918195213,0.0014807508180478823,2.961501636095764e-05,False,0.06007490160990092,0.14259569741598432,,,0.0
2023-06-16,-0.03071259366417045,1.1589833836613777,0.2,0.1962252091294618,0.003774790870538225,7.54958174107645e-05,False,0.10071673063866338,0.15809250738926894,,,-0.03071259366417045
2023-06-23,0.03131030767469767,1.1952715099936775,0.2,0.19437741731160993,0.005622582688390082,0.00011245165376780164,False,0.018951947267306313,0.10663085165479047,,,-0.00036390674658604016
2023-06-30,-0.014047873977808933,1.1784804864520209,0.2,0.20239243785752814,0.002392437857528129,4.784875715056258e-05,False,0.004741938872947715,0.09797155707522864,,,-0.014406668608279216
2023-07-07,0.028654256484360596,1.2122489685726312,0.2,0.20478092674799514,0.004780926747995129,9.561853495990258e-05,False,0.049279963257466086,0.09560607525707265,0.026613242295688178,0.21967377929326415,0.0
2023-07-14,-0.008757683271842565,1.2016324760592543,0.2,0.19788880494364292,0.002111195056357096,4.222390112714192e-05,False,0.02158082332519906,0.13303435249433138,0.005298164180215448,0.21126731048326675,-0.008757683271842565
2023-07-21,0.014791905491051471,1.2194069100801008,0.2,0.19640990790945978,0.003590092090540231,7.180184181080462e-05,False,-0.004313466335314153,0.135604271796123,-0.01858456756293181,0.1985890309886198,0.0
2023-07-28,-0.03166401556327614,1.180795590701358,0.2,0.19943476897477166,0.0005652310252283466,1.130462050456693e-05,False,0.083879005163074,0.13179749010564556,-0.012468877016398205,0.18433852734346545,-0.03166401556327614
2023-08-04,-0.020289345379926216,1.1568380211385243,0.2,0.2017870266939312,0.0017870266939311874,3.574053387862375e-05,False,0.07313605670551748,0.09422153439249725,-0.061027846563810995,0.129328102289465,-0.05131091879532357
2023-08-11,-0.024878725480361186,1.1280573655853747,0.2,0.19959793416807464,0.00040206583192536893,8.04131663850738e-06,False,0.01921887509158582,0.08091485398841947,-0.07451923806084737,0.1182862587191893,-0.07491309401283075
2023-08-18,0.016402355496378362,1.146560163516014,0.2,0.1934842896266293,0.006515710373370703,0.00013031420746741404,False,-0.05247001617086533,0.030641893260701547,-0.10303008908702271,0.09980853790374211,-0.059739489715784466
2023-08-25,0.031991075516934364,1.1832398562917634,0.2,0.197635746898527,0.0023642531014730073,4.7285062029460146e-05,False,-0.05602747041290168,0.019253672600926475,-0.09901690633670701,0.15260019944325642,-0.02965954472569099
2023-09-01,-0.020716189282525166,1.1587276354621954,0.2,0.19932372526274378,0.0006762747372562328,1.3525494745124655e-05,False,-0.07049292621260317,0.042918085827606145,-0.08754801183093264,0.15752659938445568,-0.049761301265645264
2023-09-08,-0.013101982550072444,1.143546006202083,0.2,0.19802782145830547,0.0019721785416945414,3.9443570833890825e-05,False,-0.08779956877162653,0.02666886820335157,-0.032999217617072474,0.17306743148008752,-0.0622113121148663
2023-09-15,-0.02681557658229483,1.1128811606973936,0.2,0.20247238141593882,0.002472381415938807,4.944762831877614e-05,False,-0.10198590558868437,-0.02809541002188154,-0.011540861932136659,0.12555542355089888,-0.0873586564928599
2023-09-22,-0.000646427613927969,1.1121617635840986,0.2,0.19794376816497664,0.0020562318350233755,4.1124636700467504e-05,False,-0.08185675194847986,-0.028532927763535554,-0.06445614952757395,0.0750554335036242,-0.08794861305891521
2023-09-29,0.009987693542310216,1.1232696944482519,0.2,0.2035536071996097,0.0035536071996096763,7.107214399219352e-05,False,-0.10526629499046769,-0.060072831298250584,-0.10102352245374635,0.0320132969567708,-0.07883932331130872
2023-10-06,0.011607452388642914,1.1363079939461653,0.2,0.19988069782394471,0.00011930217605529703,2.3860435211059404e-06,False,-0.10536581051337013,-0.03120362923489728,-0.061278270526595846,0.06141918949724978,-0.0681469946143547
2023-10-13,-0.02033115283860376,1.1132055424495186,0.2,0.20229609482082261,0.002296094820822603,4.592189641645206e-05,False,-0.10068080144383318,-0.0525817553443132,-0.0812727527068331,0.07345741737477218,-0.08709264048996246
2023-10-20,-0.017886914523051578,1.0932937300651369,0.2,0.20210694975701995,0.0021069497570199436,4.2138995140398866e-05,False,-0.08539664440373473,-0.07027839627551213,-0.08934175518826426,0.055795824770670244,-0.10342173639698315
2023-10-27,0.05718386274547749,1.1558124886656727,0.2,0.2004360614475818,0.00043606144758179255,8.72122895163585e-06,False,-0.11043149930494545,-0.10136978548407494,-0.035815378442237145,0.01706742132222172,-0.052151928030529815
2023-11-03,0.02806006990414267,1.1882446678937126,0.2,0.19490886467278698,0.005091135327213031,0.00010182270654426063,False,-0.06191740278242319,-0.010466248999204453,0.006690259242140284,0.08276913935325414,-0.025555244872559557
2023-11-10,0.01897895793266491,1.2107963134593809,0.2,0.18801661651433116,0.011983383485668853,0.00023966766971337706,False,-0.07267785410925465,0.05346209577892136,-0.05485576561771899,0.1387028274412072,-0.007061298857289788
2023-11-17,0.007025014719662881,1.2193021753839466,0.2,0.20059472794812314,0.0005947279481231249,1.1894558962462497e-05,False,0.004874046469092397,0.09139078170526238,-0.047851710998823904,0.1248330615439881,-8.588986603930149e-05
2023-11-24,0.003999227335492295,1.2241784419739672,0.2,0.19857910502629755,0.0014208949737024579,2.8417899474049153e-05,False,0.00023683146101105557,0.07992236138164355,-0.05580390801956514,0.10071483296210504,0.0
2023-12-01,-0.0032621072891175773,1.2201850405552233,0.2,0.19857158925968554,0.0014284107403144675,2.8568214806289348e-05,False,-0.030583959473289957,0.05159751462976225,-0.09892093288745363,0.09673006701873987,-0.0032621072891175773
2023-12-08,0.032964147336391525,1.2604074000097465,0.2,0.19274201566622176,0.00725798433377825,0.000145159686675565,False,-0.03962838494743404,0.07741129740126729,-0.12394859860955987,0.10614463729246348,0.0
2023-12-15,0.0029009461725897356,1.2640637740327085,0.2,0.20422420303734726,0.004224203037347246,8.448406074694492e-05,False,0.014003892601229806,0.12534427866495856,-0.08941021265615756,0.09372726974008772,0.0
2023-12-22,0.0010252478105630125,1.2653597526494476,0.2,0.19872536665497958,0.0012746333450204261,2.549266690040852e-05,False,0.04912975565090649,0.15861752417608632,-0.03674859851917922,0.12555877405320404,0.0
2023-12-29,-0.03935087947645377,1.2155667335285838,0.2,0.19896412964801624,0.0010358703519837698,2.07174070396754e-05,False,0.027174575465134243,0.1672249991105681,-0.08095228640248675,0.09710648865189841,-0.03935087947645377
2024-01-05,0.026840115527718478,1.2481926850881424,0.2,0.20433194315323885,0.004331943153238843,8.663886306477687e-05,False,-0.0012966492278998487,0.10397336050012429,-0.1065258372444211,0.06952538507387507,-0.013566946100000643
2024-01-12,0.03692774419028999,1.2942856252632684,0.2,0.19030369064377542,0.009696309356224592,0.00019392618712449185,False,-0.046274010143737665,0.13753936446415116,-0.14229590716027962,0.07772554790737174,0.0
2024-01-19,0.006069204469293821,1.302140909364659,0.2,0.20079443895218635,0.0007944389521863382,1.5888779043726767e-05,False,0.0030614335333993825,0.206184465817572,-0.08259664702115321,0.12141575594747733,0.0
2024-01-26,-0.001466813078211504,1.3002309120491287,0.2,0.19908664324864733,0.0009133567513526786,1.8267135027053574e-05,False,0.02058399613414963,0.2376590623597301,-0.09212062472557703,0.11219782870590267,-0.001466813078211504
2024-02-02,0.02026035417317984,1.3265740508341606,0.2,0.20330295216534489,0.0033029521653448746,6.60590433068975e-05,False,0.005488183626339405,0.1568187344769698,-0.0567690332322196,0.14471118155498908,0.0
2024-02-09,-0.02060900932324139,1.2992346738525493,0.2,0.19422761541940828,0.005772384580591733,0.00011544769161183468,False,0.03078645416473713,0.13921983246234548,-0.04412889336884296,0.20012491225869433,-0.02060900932324139
2024-02-16,0.008671897005788187,1.3105015031305474,0.2,0.20396939959360125,0.003969399593601236,7.93879918720247e-05,False,0.007282147345690326,0.09020262371326848,0.012191687339340174,0.1898370937115521,-0.012115831523695664
2024-02-23,0.015587967019590865,1.3309295573404707,0.2,0.19629212565944495,0.0037078743405550563,7.415748681110113e-05,False,-0.0026227876544751005,0.09517560299894301,-0.00238657735209602,0.18270462331818393,0.0
2024-03-01,-0.005448838036934633,1.3236775377439534,0.2,0.2054922201707783,0.0054922201707783,0.000109844403415566,False,0.04409916290015392,0.09830058274762776,0.012166476415919725,0.15497016313382495,-0.005448838036934633
2024-03-08,-0.018667690613612842,1.2989675349971603,0.2,0.20118277897730594,0.001182778977305926,2.3655579546118523e-05,False,0.08752090579858662,0.0845204462116187,0.04442420870521757,0.16847458101106128,-0.02401481142787032
2024-03-15,0.02008712794297063,1.3250600620664135,0.2,0.1895253634026958,0.010474636597304215,0.0002094927319460843,False,-0.041315249776130436,0.049215077650667016,-0.027889931495558407,0.1807281847231883,-0.0044100720745776645
2024-03-22,-0.0029890759575885717,1.32109935689253,0.2,0.19566132511839654,0.0043386748816034715,8.677349763206943e-05,False,-0.039801490320606536,0.07140977683894323,0.007372827836306772,0.24135414301918967,-0.007385965991756782
2024-03-29,-0.02456275403778685,1.2886495183297004,0.2,0.19929310403065034,0.000706895969349669,1.4137919386993383e-05,False,-0.04201212269514665,0.06674031989564,-0.0159792088286419,0.24512596894139538,-0.03176730036355668
2024-04-05,-0.021758490585991663,1.260610449916481,0.2,0.1970347253476965,0.0029652746523035067,5.930549304607013e-05,False,-0.062009998974872915,0.09308828319369322,-0.06322624298547985,0.20674034532065355,-0.05283458244364547
2024-04-12,-0.03617839421127722,1.215003588112547,0.2,0.19658401028975403,0.0034159897102459813,6.831979420491962e-05,False,-0.07693862819765085,0.03324886983977349,-0.11965237947972496,0.17536126273083852,-0.08710150630328828
2024-04-19,0.03482688369667608,1.2573183767667868,0.2,0.1986238438594822,0.001376156140517809,2.7523122810356178e-05,False,-0.15139832600953962,-0.03711047139018964,-0.14880038838828613,0.16142239170755834,-0.055308096636442095
2024-04-26,-0.004454463216646776,1.251717698305865,0.2,0.20598888960417522,0.005988889604175207,0.00011977779208350414,False,-0.09686960970340808,-0.018110972619683308,-0.07827957724090984,0.21524385296883009,-0.05951619197103919
2024-05-03,0.025322654211126006,1.2834145127500112,0.2,0.20181285598580564,0.0018128559858056337,3.6257119716112676e-05,False,-0.10608069865325298,-0.019118277233307168,-0.10117470538033346,0.13470235320255575,-0.03570064570915865
2024-05-10,0.026820014663642366,1.317835708801498,0.2,0.2044492706306568,0.004449270630656782,8.898541261313564e-05,False,-0.05439556470126161,-0.02678512116081988,-0.025283757095965087,0.10870569122103224,-0.009838122886937306
2024-05-17,0.01072862936005392,1.3319742796786733,0.2,0.19963081809568764,0.0003691819043123712,7.383638086247424e-06,False,-0.02971616371334651,0.025878816134367932,-0.02265041385036548,0.11841577696154992,0.0
2024-05-24,0.008865810886569792,1.3437833117480795,0.2,0.2118984215071709,0.011898421507170881,0.00023796843014341763,False,0.04948688123635736,0.007937051441579968,0.04673430000071699,0.10386806809750904,0.0
2024-05-31,-0.009492937385817135,1.331026860909549,0.4,0.2192481619920644,0.18075183800793562,0.0036150367601587123,True,0.11251173943224146,-0.015908949051908094,0.16157257585779727,0.08082777473301528,-0.009492937385817135
2024-06-07,0.017506620637811166,1.3543286432222292,0.4,0.38469979423030637,0.015300205769693653,0.000306004115393873,True,0.06306870412476084,0.010111314219890977,0.1561094400358891,0.09548637322116105,0.0
2024-06-14,-0.005869026066840921,1.3463800531120886,0.2,0.38327851898055193,0.18327851898055192,0.0036655703796110387,False,0.11486496451156203,0.06292202946935133,0.06880404003611007,0.1152338196862901,-0.005869026066840921
2024-06-21,-0.0008301001213978365,1.3452624228665526,0.2,0.1958968920029754,0.004103107997024624,8.206215994049248e-05,False,0.09157864675028748,0.03916474916790036,0.048132189807475356,0.11337127200487607,-0.00669425430898829
2024-06-28,0.019861304316086237,1.3719810892321007,0.2,0.20223040726319624,0.0022304072631962324,4.460814526392465e-05,False,0.11006036368813277,0.037589804205119925,0.0634243714898477,0.10683887965822425,0.0
2024-07-05,0.003118740563443634,1.3762599423073665,0.2,0.19058114416277244,0.009418855837227569,0.00018837711674455138,False,0.12263548552652992,0.09359687787291904,0.05302086021987362,0.19539793374009218,0.0
2024-07-12,-0.0369655053471063,1.3253857980509953,0.2,0.2018014657658376,0.0018014657658375899,3.6029315316751804e-05,False,0.1818904154493841,0.11426896798097985,0.09095738820475674,0.15131715186387784,-0.0369655053471063
2024-07-19,-0.018656756520618267,1.3006583979208726,0.4,0.20974391962821923,0.1902560803717808,0.003805121607435616,True,0.24699975900937043,0.09787431994884277,0.05820608296105223,0.05713168640835753,-0.05493260543480194
2024-07-26,-0.08183987748944044,1.1942126739794166,0.4,0.4046977976496008,0.004697797649600766,9.395595299201532e-05,True,0.16605864860920572,0.04471841325814374,0.05310300242714838,0.025797546680347283,-0.1322768052252824
2024-08-02,-0.002783140292551556,1.1908890125685887,0.2,0.3783027082018112,0.1783027082018112,0.003566054164036224,False,0.00792241176315045,0.0005949674830849627,-0.0989987018649563,-0.018534684503508814,-0.13469180061144148
2024-08-09,0.06215713398159495,1.264911260480024,0.2,0.19844219262780727,0.0015578073721927432,3.115614744385486e-05,False,-0.045138568156030234,-0.01601136356905053,-0.09707879495263838,-0.04236761841672354,-0.08090672292667411
2024-08-16,0.02066901636660612,1.2910557320251899,0.2,0.20013197491305712,0.00013197491305710907,2.6394982611421815e-06,False,-0.00985550983788519,0.017155589393861526,-0.039278805607410705,0.04347837187182946,-0.0619099689404079
2024-08-23,-0.012019809537857307,1.2755374880234882,0.2,0.20634167387980915,0.006341673879809134,0.0001268334775961827,False,-0.026342740033266754,0.03439657267959806,0.02184052115562385,0.04260663148794963,-0.07318563244310683
2024-08-30,-0.06145114886423819,1.1971542439650404,0.2,0.19735056379856125,0.0026494362014387596,5.298872402877518e-05,False,-0.14182654907498426,0.04127758742040255,-0.04527196137684153,0.024711955333238,-0.1301394401133602
2024-09-06,0.05907514800831137,1.2678763081160533,0.2,0.19354571800111836,0.00645428199888165,0.00012908563997763298,False,-0.18470239247409403,-0.03357098554689497,-0.1332826288914175,-0.023799118110539808,-0.07875229879146428
2024-09-13,0.012094639726796919,1.2832108152808583,0.2,0.19746437487304616,0.00253562512695385,5.0712502539076994e-05,False,-0.12575507384433282,-0.018434806368290757,-0.025334961427048497,0.043327267671492864,-0.06761013974620722
2024-09-20,0.0075453233754672056,1.2928930558410494,0.2,0.2004279996120401,0.0004279996120400975,8.55999224080195e-06,False,-0.09266294165739608,-0.009921410361343863,-0.009570241707994365,0.0288547692583625,-0.060574956738585595
2024-09-27,0.0054778635297703104,1.2999753475595344,0.2,0.19594563584752633,0.004054364152473677,8.108728304947355e-05,False,-0.11355638948070279,0.00616899311053043,-0.0159940833179274,0.04399068855881838,-0.05542891455515109
2024-10-04,0.00704838627970461,1.3091380759632272,0.2,0.206862816948813,0.006862816948812994,0.0001372563389762599,False,-0.05136124784899365,-0.027939790154032917,0.0649755261103262,0.0630420105920444,-0.048771212676295916
2024-10-11,0.01479674266745823,1.3285090551894263,0.2,0.2020806736893823,0.0020806736893822786,4.1613473787645573e-05,False,-0.04637612604899599,-0.02452304687981466,0.12707891656640347,0.08694369784245981,-0.03469612509238884
2024-10-18,-0.013679375467258392,1.3103358810118375,0.2,0.20074989535006346,0.0007498953500634509,1.4997907001269018e-05,False,-0.03820456936393413,0.03961255428195454,0.19935867021948805,0.14136392604258075,-0.047900879237249394
2024-10-25,-0.022173022155833944,1.2812817744905778,0.2,0.1964391828050207,0.0035608171949793044,7.12163438995861e-05,False,-0.0651154579345814,0.05380932508881475,0.09013020572643837,0.10093400598342184,-0.06901179413647196
2024-11-01,0.06842349249785973,1.3689515483750783,0.2,0.20199064074102255,0.001990640741022537,3.981281482045074e-05,False,0.06319636503416004,0.08040359863975777,0.07161944442304491,0.0810464036495564,-0.005310329616972864
2024-11-08,-0.04209563637482605,1.311324661779926,0.4,0.20830430362359625,0.19169569637640377,0.0038339139275280747,True,0.1915090087996103,0.13927634233267483,0.13772599819738507,0.12103497460996815,-0.04718242428721231
2024-11-15,0.0330882341202301,1.3547140791965315,0.2,0.3859229746110131,0.1859229746110131,0.003718459492220262,False,0.040014956557143266,0.05574838733264009,0.02976507892124647,0.07386037316894956,-0.01565537326815769
2024-11-22,0.008903098651004804,1.3667752322875233,0.2,0.2132833464388852,0.01328334643888518,0.0002656669287777036,False,0.09214131358803224,0.06319872615574074,0.06337131888459213,0.09976911841281288,-0.0068916559497775864
2024-11-29,0.011440565923343637,1.382411914434902,0.2,0.20319273947517036,0.0031927394751703475,6.385478950340695e-05,False,0.14844493196053588,0.07796175017438278,-0.01443504954208219,0.12245741055305626,0.0
2024-12-06,-0.020659067866324876,1.3538525728753754,0.2,0.20045645004592608,0.00045645004592606564,9.129000918521314e-06,False,0.2818430351242469,0.15173861414203516,0.04508355976054412,0.11307361377287117,-0.020659067866324876
2024-12-13,-0.01639827111019898,1.3316517313421246,0.2,0.1923497118698411,0.0076502881301589165,0.00015300576260317834,False,0.15449661171441287,0.07168706534763891,0.009312805055234241,0.05193072181055358,-0.03671856598076784
2024-12-20,0.0018745329396723243,1.334147956376697,0.2,0.19985725561271753,0.00014274438728248406,2.8548877456496818e-06,False,0.11891418280581245,0.04236656299459618,0.015232303164844696,0.032024816576182724,-0.03491286320252407
2024-12-27,-0.007678935451470026,1.3239031203369696,0.2,0.19465330760821664,0.00534669239178337,0.0001069338478356674,False,0.10527218128547067,0.0381597940921119,-0.02023853701476752,0.04456419470949591,-0.042323705031035996
2025-01-03,-0.034744819352724554,1.2779043455803532,0.4,0.20622869824061948,0.19377130175938054,0.0038754260351876106,True,0.08749389672819419,0.025421009006784345,0.031638853164069225,-0.0032290388044020624,-0.07559799489811925
2025-01-10,0.025192659073540957,1.3100981540871555,0.2,0.39865070956307674,0.19865070956307673,0.003973014191261535,False,0.03200815347209973,-0.008649335887145115,-0.015852386736914248,-0.03296027469752005,-0.05230985033668989
2025-01-17,0.009666769805783515,1.3227625713656979,0.2,0.20482507934615335,0.004825079346153338,9.650158692306675e-05,False,0.06794325690626679,0.0003328237685891189,0.027142944671045832,0.039958562050143476,-0.04314874781268607
2025-01-24,-0.032912441710129525,1.2792272253392833,0.2,0.19038354896592524,0.009616451034074769,0.0001923290206814954,False,0.059607013990773394,0.03181167814848007,-0.009389781955930099,0.08733276816840685,-0.07464105887556549
2025-01-31,0.009457039674948486,1.2913249279625914,0.4,0.20044781200857015,0.19955218799142987,0.003991043759828597,True,0.04009086999363265,0.022576143716726893,0.10582083228244765,0.10479494555471858,-0.06588990265578332
2025-02-07,0.025440109054399196,1.3241763749546238,0.2,0.4041347241641097,0.20413472416410972,0.004082694483282195,False,-0.04295338577007379,-0.026607345882952105,0.14032966269612213,0.10896322263596492,-0.04212603991053099
2025-02-14,-0.03923132194373968,1.2722271852784848,0.4,0.2015874884840234,0.1984125115159766,0.003968250230319532,True,0.07058868636278448,0.01636671670105483,0.1134282461381606,0.07302752209570862,-0.07970470162032584
2025-02-21,-0.046014949109677405,1.2136857160919472,0.2,0.39113669185649674,0.19113669185649673,0.003822733837129935,False,-0.08682379141646801,-0.024379420198463397,-0.0026825360202424875,0.03727855765631927,-0.12205204294114191
2025-02-28,-0.028264854158861707,1.1793810663319146,0.2,0.1921625924227051,0.007837407577294925,0.00015674815154589848,False,-0.18048794670253743,-0.06137585085670583,-0.0588355357099567,0.011800930566445933,-0.1468671139064811
2025-03-07,0.004551279199260572,1.1847487588471128,0.2,0.19234852135667935,0.007651478643320664,0.00015302957286641327,False,-0.24443461567200042,-0.08899348609389424,-0.031483774518179075,0.049241379800585294,-0.14298426794779862
2025-03-14,0.011265317916703266,1.1980953302669453,0.2,0.2056735585023973,0.005673558502397286,0.00011347117004794572,False,-0.1711810355569635,-0.0808257395478792,-0.04313131382586555,-0.014932834272980422,-0.13332971326661425
2025-03-21,-0.012630352594432126,1.1829629638039312,0.2,0.20522119962741242,0.0052211996274124095,0.00010442399254824818,False,-0.12503508265271568,-0.061346476039252806,-0.020989344522607922,-0.021578952386269945,-0.14427606457117448
2025-03-28,-0.09718568445395315,1.0679958984829692,0.2,0.1997672174923327,0.0002327825076673118,4.655650153346235e-06,False,-0.11495852923042427,-0.08071680098865686,-0.02178828307440983,-0.045637143402046165,-0.22744018093945528
2025-04-04,0.0689818580241568,1.141668239922503,0.2,0.17446155841137992,0.025538441588620092,0.0005107688317724018,False,-0.318891855734154,-0.13025280661445626,-0.25929905009902643,-0.10814295537777707,-0.1741475691858525
2025-04-11,0.006575831891803663,1.1491756583444448,0.2,0.19758379008457252,0.0024162099154274863,4.8324198308549723e-05,False,-0.25480734122159965,-0.039293081355722514,-0.23095510023313848,-0.04760255818418113,-0.16871690243338133
2025-04-18,0.03791082933270329,1.1927418606012379,0.2,0.20280699018347992,0.002806990183479907,5.613980366959814e-05,False,-0.2783918005055199,-0.05805655207574101,-0.22936338922159794,-0.05774305090760523,-0.13720227079437242
2025-04-25,0.033683384319351806,1.2329174430856482,0.2,0.20383716424882253,0.003837164248822522,7.674328497645044e-05,False,-0.20581832845257353,-0.04783578246700937,-0.15847953044543028,-0.017545840834350623,-0.10814032329167511
2025-05-02,0.012919103007068111,1.2488456305320828,0.2,0.20807621503885013,0.008076215038850115,0.00016152430077700228,False,-0.11892574044431103,0.00790584039841491,-0.08360270684972793,0.030660467504177946,-0.09661829626042984
2025-05-09,0.06642042832966832,1.3317944922296583,0.2,0.2047347671829199,0.004734767182919902,9.469534365839804e-05,False,-0.10766431759630368,0.008475758578487369,-0.14599315639899169,-0.018357104744582853,-0.03661529655286211
2025-05-16,-0.02880174353084064,1.2934364888286736,0.2,0.19933684056044895,0.0006631594395510587,1.3263188791021173e-05,False,-0.08602394470579677,0.04753981150577591,-0.021507575595539064,0.06468459883376743,-0.06436245570308152
2025-05-23,0.010690958529112171,1.3072645646907814,0.2,0.19744575393456926,0.002554246065430754,5.108492130861509e-05,False,-0.07092226076632491,0.042688046445114036,-0.15158831260723316,0.017267916424913654,-0.05435959351872277
2025-05-30,0.03269541146194954,1.350006117522973,0.2,0.1971973352449118,0.0028026647550882244,5.6053295101764484e-05,False,0.006282387694992897,0.09364120484015803,-0.17533945426300301,0.02651804536114022,-0.023441491333772158
2025-06-06,0.013746285515391587,1.368563687061969,0.2,0.20247524154319238,0.002475241543192369,4.9504830863847374e-05,False,0.1255986046406823,0.1475606484262364,-0.14953665768560276,0.04543522581861592,-0.010017439251161164
2025-06-13,0.0002177877490892044,1.3688617434668595,0.2,0.20560083448660765,0.005600834486607642,0.00011201668973215285,False,0.13538239804911978,0.15805078966878106,-0.058973536602076715,0.06445047815979565,-0.009801833177618069
2025-06-20,0.020694453219753273,1.3971895887813444,0.2,0.1976984716215173,0.0023015283784827145,4.603056756965429e-05,False,0.0818127007210252,0.15623944477112306,-0.05345183972838552,0.08530822937683236,0.0
2025-06-27,0.01571149119906856,1.4191415207089126,0.2,0.18729003719077994,0.012709962809220071,0.0002541992561844014,False,0.04841482060957314,0.2138293834152305,-0.07210940519108244,0.11585295863991951,0.0
2025-07-04,-0.005296354766841094,1.4116252437508838,0.2,0.19944718674300546,0.0005528132569945499,1.1056265139890997e-05,False,0.3487816141864257,0.3246179977880328,-0.0813338577415913,0.1520827858841196,-0.005296354766841094
2025-07-11,0.015407130400096003,1.4333743379574209,0.2,0.19573892188305317,0.004261078116946843,8.522156233893685e-05,False,0.24272150278935456,0.23479341710376578,-0.07393305921531179,0.18627457890799692,0.0
2025-07-18,-0.0006786044675689551,1.4324016437279843,0.2,0.20365905522993671,0.003659055229936703,7.318110459873407e-05,False,0.25893803147655836,0.24434155619214049,-0.0915399938310758,0.17209937583506307,-0.0006786044675689551
2025-07-25,-0.029383532455763417,1.3903126235398142,0.2,0.1985182147575686,0.0014817852424314215,2.963570484862843e-05,False,0.18052146867050123,0.20610163081884791,-0.06245148671363876,0.1484068155738918,-0.0300421971269349
2025-08-01,0.046051855469998015,1.4543390995371834,0.2,0.19967094519281667,0.00032905480718334323,6.581096143666865e-06,False,0.06366773138794679,0.14448145983472616,-0.06282974115408546,0.15352954759512372,0.0
2025-08-08,-0.006845727612255548,1.444383090205899,0.2,0.2119943722265302,0.011994372226530187,0.00023988744453060372,False,0.1372340985255085,0.170947004945601,0.01479456536051238,0.18087166906772234,-0.006845727612255548
2025-08-15,0.005399422942857557,1.4521819254014323,0.2,0.19397811323546768,0.00602188676453233,0.0001204377352906466,False,0.03078089207857615,0.09795756407639455,-0.057890946385382946,0.1501542597139267,-0.001483267648128006
2025-08-22,0.007173472786066837,1.4625991129237177,0.2,0.2085758442449028,0.008575844244902792,0.00017151688489805582,False,0.12735282311580942,0.12097969444293732,0.04739841221913754,0.16883212770334777,0.0
2025-08-29,0.011109073023251703,1.4788472332729303,0.2,0.20290567304036938,0.002905673040369372,5.811346080738743e-05,False,0.156088846392886,0.10926897255936563,0.16335184473578335,0.21314225564162892,0.0
2025-09-05,0.05156098577166213,1.5550980544261777,0.4,0.20807654397098854,0.19192345602901148,0.0038384691205802296,True,0.16323929978902152,0.07845630224720512,0.30934053270572703,0.23759401350616405,0.0
2025-09-12,0.03764372283713313,1.6136377345715616,0.4,0.4179824758797826,0.017982475879782578,0.00035964951759565153,True,0.2311931600498962,0.09696429879978519,0.39787504251912553,0.27034037246355225,0.0
2025-09-19,-0.002889570537751851,1.608975014515139,0.4,0.4134199840959378,0.013419984095937754,0.0002683996819187551,True,0.3358128377204712,0.10964007737985426,0.44509929363219913,0.2830096269654687,-0.002889570537751851
2025-09-26,0.021468364840538934,1.6435170771460612,0.4,0.39627610733634083,0.0037238926636591896,7.447785327318378e-05,True,0.380838612054053,0.07390964660000998,0.4476916657474226,0.3035430841761577,0.0
2025-10-03,-0.0311070338051882,1.5923921358678745,0.4,0.4093124371963691,0.009312437196369094,0.00018624874392738185,True,0.4246770997204139,0.062308873218627214,0.9215782782553359,0.40715345267531866,-0.0311070338051882
2025-10-10,0.03365894561151128,1.6459903761612495,0.4,0.3947695125746891,0.0052304874253109035,0.00010460974850621807,True,0.39962292573512737,0.0384162529254477,0.7393415056079906,0.2822295533259018,0.0
2025-10-17,0.024637738876849724,1.6865438572429179,0.4,0.4074682351916586,0.007468235191658568,0.00014936470383317135,True,0.4253337382005167,0.04874109074236577,0.7944068505672828,0.30499212089699834,0.0
2025-10-24,0.02741664722112236,1.7327832351998977,0.4,0.398378813063155,0.0016211869368450427,3.242373873690085e-05,True,0.46649536058793695,0.07630346359303752,0.7312292568797478,0.2981313626955375,0.0
2025-10-31,-0.03939435234605304,1.6645213618930992,0.4,0.40315281867921204,0.0031528186792120216,6.305637358424043e-05,True,0.567132359387464,0.13283899986445658,0.6669081214943038,0.2965132323225854,-0.03939435234605304
2025-11-07,0.013303367175505176,1.686665100741835,0.4,0.39654464107846216,0.0034553589215378655,6.910717843075731e-05,True,0.34604594846917824,0.06228049424808901,0.5307693507812588,0.24387416315193255,-0.02661506270444869
2025-11-14,-0.058003714609483614,1.5888322595966295,0.4,0.3969299890822706,0.0030700109177294044,6.140021835458809e-05,True,0.4048813950805006,0.08105410854203732,0.44812489768567265,0.1869515356495941,-0.08307500481251007
2025-11-21,0.0831264051817111,1.7209061737736326,0.4,0.38657905527480363,0.013420944725196393,0.00026841889450392783,True,0.21974456701332845,0.046695564396606715,0.3750824811026465,0.17332447395208583,-0.006854326141316203
2025-11-28,0.020313469121266747,1.7558637481951807,0.4,0.40146059095317227,0.0014605909531722472,2.9211819063444945e-05,True,0.2977904818444632,0.1270913344086586,0.5003611010152338,0.2502474465000579,0.0
2025-12-05,0.005681365491824852,1.7658394519025231,0.4,0.39777106853441746,0.002228931465582562,4.457862931165124e-05,True,0.2517215091305802,0.1531858802970698,0.45605165181191265,0.24366058026886606,0.0
2025-12-12,0.03262909102242251,1.8234571881096353,0.2,0.3921745514704399,0.19217455147043988,0.0038434910294087975,False,0.1189330832335509,0.1474062194046506,0.37762275863068906,0.25866365890773424,0.0
2025-12-19,0.07163594327607026,1.9540822638033999,0.2,0.19569624553141285,0.004303754468587162,8.607508937174325e-05,False,0.05788249739811646,0.1783751886968219,0.41313302082419656,0.30757233556804153,0.0
2025-12-26,-0.030858168797098795,1.8937828634635376,0.2,0.18994684018443264,0.01005315981556737,0.0002010631963113474,False,0.08974887364291062,0.27422119887988905,0.5047673221685447,0.3683984373793421,-0.030858168797098795
2026-01-02,0.04500082071625999,1.9790046465777857,0.2,0.20916693556333585,0.009166935563335837,0.00018333871126671676,False,0.05684651224111814,0.2140888842505111,0.5056650239093112,0.2897373946154209,0.0
2026-01-09,0.04726173129406841,2.072535832414058,0.2,0.19783047937586298,0.002169520624137028,4.339041248274056e-05,False,0.1424338864351553,0.30165733605234246,0.5989766585913245,0.3516621334963941,0.0
2026-01-16,0.05209565881328393,2.180505952017806,0.2,0.2013253412190416,0.001325341219041598,2.6506824380831963e-05,False,0.14371320391014475,0.33311488834409975,0.6301730163585373,0.39809236208687815,0.0
2026-01-23,-0.05584879720397795,2.058727317301497,0.2,0.19665870520620454,0.0033412947937954685,6.682589587590937e-05,False,0.15929935076956925,0.3706839636030139,0.7001071194361808,0.4752718975173571,-0.05584879720397795
2026-01-30,-0.032205480109188334,1.9924250156339007,0.2,0.22069921363715567,0.020699213637155656,0.0004139842727431131,False,0.1664511814915013,0.23353210198867536,0.8279833921610718,0.3973932727175522,-0.08625563998569152
2026-02-06,-0.017224948425097586,1.9581055974987325,0.2,0.20619703735209088,0.006197037352090873,0.00012394074704181747,False,0.2225802175388374,0.22650621187017883,0.6456491484967184,0.302893624943805,-0.10199483946066179
2026-02-13,0.0458158656820391,2.0478179005449832,0.2,0.19369216581411478,0.006307834185885236,0.0001261566837177047,False,0.1572946795151282,0.19289609194800983,0.6258617638764543,0.28958522126413566,-0.060851955643613564
2026-02-20,0.0398428363717811,2.129408774075601,0.4,0.20052463504330198,0.19947536495669804,0.00398950729913396,True,0.3330226483416072,0.294626601398982,0.6259471330203945,0.3550799212341682,-0.023433633783443875
2026-02-27,-0.044899804977303726,2.033798735402647,0.4,0.40536818034178107,0.005368180341781048,0.00010736360683562097,True,0.2970368733408928,0.23938997750255275,0.6832821088231134,0.3969057035960697,-0.06728127317396138
2026-03-06,0.02055369862624623,2.075600821676554,0.4,0.3937013767152746,0.006298623284725413,0.00012597246569450826,True,0.201808638636932,0.1681058626294214,0.5043297228407888,0.34704318747647744,-0.04811045355972288
2026-03-13,-0.043292806848297616,1.9857422362095432,0.4,0.4221184039018018,0.022118403901801753,0.0004423680780360351,True,0.3128073818423065,0.12707547023717614,0.4689436114565775,0.29321340428855636,-0.08932042383467542
2026-03-20,-0.02677235857678839,1.9325792330206677,0.4,0.40938171715472726,0.009381717154727243,0.00018763434309454485,True,0.26786024722300894,0.018903246889329317,0.34124716468407,0.20065030581701748,-0.11370146399633119
2026-03-27,0.015434575482876856,1.9624077730693656,0.4,0.3922287989326775,0.007771201067322542,0.00015542402134645082,True,0.1889403609960636,-0.07421624472244603,0.29564641922405577,0.17965328655329094,-0.10002182234201917
2026-04-03,0.040110947005260744,2.041121807257663,0.4,0.3943487366622414,0.005651263337758616,0.00011302526675517232,True,0.17425462098593858,-0.009553812839176667,0.2410069006720048,0.20248970628025664,-0.0639228453520887
2026-04-10,0.08713867997352476,2.2189824672072707,0.4,0.4001437100647912,0.00014371006479119153,2.8742012958238307e-06,True,0.18191860176956287,-0.017159201163421955,0.35026386166960566,0.27932193597717636,0.0
2026-04-17,0.05186249415892186,2.334064432451558,0.4,0.4091019078853877,0.009101907885387672,0.00018203815770775344,True,0.24653004572053372,0.006414101696883057,0.42567287236129037,0.3416656228115673,0.0
2026-04-24,0.021647941858039088,2.3845921235781864,0.4,0.40824912323326834,0.008249123233268318,0.00016498246466536637,True,0.2937671962796313,-0.011616326564606094,0.499863470693942,0.3547616510649332,0.0
2026-05-01,0.06476064820996164,2.5390198552174787,0.4,0.407937771231391,0.007937771231391,0.00015875542462781997,True,0.29396229103216953,0.08349993161923375,0.5093438431799242,0.3365319481548592,0.0
2026-05-08,0.00629909717709598,2.55501338802007,0.4,0.3890712150082705,0.010928784991729501,0.00021857569983459003,True,0.34275340343310523,0.22293522569964153,0.6416237480702605,0.4999376510354696,0.0
2026-05-15,0.009676954996289844,2.5797381375908586,0.4,0.401372928416526,0.0013729284165259759,2.745856833051952e-05,True,0.4246768072928371,0.2396860986533813,0.6487708891085997,0.47881670232589335,0.0
2026-05-22,0.11515890498231007,2.876817956656926,0.4,0.3918432072990044,0.008156792700995619,0.0001631358540199124,True,0.3437401607455861,0.21379486079692156,0.7912360677600585,0.5714111154290686,0.0
2026-05-29,-0.07381567285851598,2.664463703494834,0.4,0.43034743572267586,0.030347435722675842,0.0006069487144535168,True,0.5240130372418139,0.24225578164685624,0.9767011047548801,0.5396393652677134,-0.07381567285851598
2026-06-05,0.02993229051071533,2.744217205123098,0.4,0.3845979134425612,0.015402086557438799,0.000308041731148776,True,0.4444223870717716,0.223344989224606,0.7359193026234327,0.42899645393158825,-0.04609285451204559
2026-06-12,0.04962579088991603,2.8804011543010466,0.4,0.4078580847601291,0.007858084760129058,0.00015716169520258117,True,0.4087077418288556,0.2652833411830713,0.849361922331328,0.42606981674717503,0.0
2026-06-19,-0.040784441019825146,2.7629256033100194,0.4,0.41478702404582934,0.014787024045829322,0.0002957404809165864,True,0.5654859462523965,0.37507505648906303,0.9848173988397091,0.4010684397732345,-0.040784441019825146
2026-06-26,-0.020392272012353385,2.7065832728574257,0.4,0.4095187596103452,0.009518759610345151,0.00019037519220690304,True,0.6111361302577063,0.31686462716206965,0.9155447723223982,0.21913187972627646,-0.06034502561703048
2026-07-03,0.009027188553764276,2.731016110397974,0.4,0.39086275958515304,0.009137240414846981,0.00018274480829693962,True,0.5406057494317078,0.27775942578431523,0.8090634203876876,0.2655519513768778,-0.05186258298779289
2026-07-10,-0.055104794303049265,2.58052402939618,0.4,0.3889263618317778,0.01107363816822221,0.0002214727633644442,True,0.4527684024990444,0.26284168611270364,0.7170539989766727,0.24117233158314066,-0.10410950032327493
2026-07-17,-0.002195405342090173,2.5748587331566517,0.4,0.38882795634181805,0.011172043658181974,0.00022344087316363947,True,0.20037241731928512,0.13551649227598284,0.4963002842426756,0.1427998105359285,-0.10607634311219305
2026-07-24,-0.023476118436713822,2.5144110445792593,0.2,0.3925294304855515,0.1925294304855515,0.0038505886097110298,False,0.0948824263005481,0.1058196237753759,0.41652296693070046,0.09297406190405177,-0.12706220075467156
2026-07-31,0.02976282880916048,2.589247030054934,0.2,0.18810918911270522,0.011890810887294795,0.0002378162177458959,False,-0.03127827850578291,0.09109179792524835,0.2534893781172842,0.1821978884423141,-0.1010811024746876
2026-08-07,0.013620374631487131,2.6245135446177477,0.4,0.216330678029847,0.183669321970153,0.0036733864394030602,True,0.04192775148486305,0.015276593266671856,0.39905203443770265,0.24161750973413998,-0.08883749032706945
