,dual_momentum_topn,cta_trend_long_only,composite_selective_signals,composite_regime_offense_component,composite_regime_defense_component,taa_10m_sma,cash::BIL
2005-01-07,0.0,0.0,0.0,0.0,0.0,0.0,1.0
2005-01-14,0.0,0.0,0.0,0.0,0.0,0.0,1.0
2005-01-21,0.0,0.0,0.0,0.0,0.0,0.0,1.0
2005-01-28,0.0,0.0,0.0,0.0,0.0,0.0,1.0
2005-02-04,0.0,0.0,0.0,0.0,0.0,0.0,1.0
2005-02-11,0.0,0.0,0.0,0.0,0.0,0.0,1.0
2005-02-18,0.0,0.0,0.0,0.0,0.0,0.0,1.0
2005-02-25,0.0,0.0,0.0,0.0,0.0,0.0,1.0
2005-03-04,0.0,0.0,0.0,0.0,0.0,0.0,1.0
2005-03-11,0.0,0.0,0.0,0.0,0.0,0.0,1.0
2005-03-18,0.0,0.0,0.0,0.0,0.0,0.0,1.0
2005-03-25,0.0,0.0,0.0,0.0,0.0,0.0,1.0
2005-04-01,0.0,0.0,0.0,0.0,0.0,0.0,1.0
2005-04-08,0.0,0.0,0.0,0.0,0.0,0.0,1.0
2005-04-15,0.0,0.0,0.0,0.0,0.0,0.0,1.0
2005-04-22,0.0,0.0,0.0,0.0,0.0,0.0,1.0
2005-04-29,0.0,0.0,0.0,0.0,0.0,0.0,1.0
2005-05-06,0.0,0.0,0.0,0.0,0.0,0.0,1.0
2005-05-13,0.0,0.0,0.0,0.0,0.0,0.0,1.0
2005-05-20,0.0,0.0,0.0,0.0,0.0,0.0,1.0
2005-05-27,0.0,0.0,0.0,0.0,0.0,0.0,1.0
2005-06-03,0.0,0.0,0.0,0.0,0.0,0.0,1.0
2005-06-10,0.0,0.0,0.0,0.0,0.0,0.0,1.0
2005-06-17,0.0,0.0,0.0,0.0,0.0,0.0,1.0
2005-06-24,0.0,0.0,0.0,0.0,0.0,0.0,1.0
2005-07-01,0.0,0.0,0.0,0.0,0.0,0.0,1.0
2005-07-08,0.0,0.0,0.0,0.0,0.0,0.0,1.0
2005-07-15,0.0,0.0,0.0,0.0,0.0,0.0,1.0
2005-07-22,0.0,0.0,0.0,0.0,0.0,0.0,1.0
2005-07-29,0.0,0.0,0.0,0.0,0.0,0.0,1.0
2005-08-05,0.0,0.0,0.0,0.0,0.0,0.0,1.0
2005-08-12,0.0,0.0,0.0,0.0,0.0,0.0,1.0
2005-08-19,0.0,0.0,0.0,0.0,0.0,0.0,1.0
2005-08-26,0.0,0.0,0.0,0.0,0.0,0.0,1.0
2005-09-02,0.0,0.0,0.0,0.0,0.0,0.0,1.0
2005-09-09,0.0,0.0,0.0,0.0,0.0,0.0,1.0
2005-09-16,0.0,0.0,0.0,0.0,0.0,0.0,1.0
2005-09-23,0.0,0.0,0.0,0.0,0.0,0.0,1.0
2005-09-30,0.0,0.0,0.0,0.0,0.0,0.0,1.0
2005-10-07,0.0,0.0,0.0,0.0,0.0,0.0,1.0
2005-10-14,0.0,0.0,0.0,0.0,0.0,0.0,1.0
2005-10-21,0.0,0.0,0.0,0.0,0.0,0.0,1.0
2005-10-28,0.0,0.0,0.0,0.0,0.0,0.0,1.0
2005-11-04,0.0,0.0,0.0,0.0,0.0,0.0,1.0
2005-11-11,0.0,0.0,0.0,0.0,0.0,0.0,1.0
2005-11-18,0.0,0.0,0.0,0.0,0.0,0.0,1.0
2005-11-25,0.0,0.0,0.0,0.0,0.0,0.0,1.0
2005-12-02,0.0,0.0,0.0,0.0,0.0,0.0,1.0
2005-12-09,0.0,0.0,0.0,0.0,0.0,0.0,1.0
2005-12-16,0.0,0.0,0.0,0.0,0.0,0.0,1.0
2005-12-23,0.0,0.0,0.0,0.0,0.0,0.0,1.0
2005-12-30,0.0,0.0,0.0,0.0,0.0,0.0,1.0
2006-01-06,0.0,0.0,0.0,0.0,0.0,0.0,1.0
2006-01-13,0.0,0.0,0.0,0.0,0.0,0.0,1.0
2006-01-20,0.0,0.0,0.0,0.0,0.0,0.0,1.0
2006-01-27,0.0,0.0,0.0,0.0,0.0,0.0,1.0
2006-02-03,0.0,0.0,0.0,0.0,0.0,0.0,1.0
2006-02-10,0.0,0.0,0.0,0.0,0.0,0.0,1.0
2006-02-17,0.0,0.0,0.0,0.0,0.0,0.0,1.0
2006-02-24,0.0,0.0,0.0,0.0,0.0,0.0,1.0
2006-03-03,0.0,0.0,0.0,0.0,0.0,0.0,1.0
2006-03-10,0.0,0.0,0.0,0.0,0.0,0.0,1.0
2006-03-17,0.0,0.0,0.0,0.0,0.0,0.0,1.0
2006-03-24,0.0,0.0,0.0,0.0,0.0,0.0,1.0
2006-03-31,0.0,0.0,0.0,0.0,0.0,0.0,1.0
2006-04-07,0.0,0.0,0.0,0.0,0.0,0.0,1.0
2006-04-14,0.0,0.0,0.0,0.0,0.0,0.0,1.0
2006-04-21,0.0,0.0,0.0,0.0,0.0,0.0,1.0
2006-04-28,0.0,0.0,0.0,0.0,0.0,0.0,1.0
2006-05-05,0.0,0.0,0.0,0.0,0.0,0.0,1.0
2006-05-12,0.0,0.0,0.0,0.0,0.0,0.0,1.0
2006-05-19,0.0,0.0,0.0,0.0,0.0,0.0,1.0
2006-05-26,0.0,0.0,0.0,0.0,0.0,0.0,1.0
2006-06-02,0.0,0.0,0.0,0.0,0.0,0.0,1.0
2006-06-09,0.0,0.0,0.0,0.0,0.0,0.0,1.0
2006-06-16,0.0,0.0,0.0,0.0,0.0,0.0,1.0
2006-06-23,0.0,0.0,0.0,0.0,0.0,0.0,1.0
2006-06-30,0.09547159479543867,0.0,0.4296456299200503,0.09174879636303689,0.2795715524786156,0.10356242644285855,0.0
2006-07-07,0.09547159479543867,0.0,0.4296456299200503,0.09174879636303689,0.2795715524786156,0.10356242644285855,0.0
2006-07-14,0.09547159479543867,0.0,0.4296456299200503,0.09174879636303689,0.2795715524786156,0.10356242644285855,0.0
2006-07-21,0.09547159479543867,0.0,0.4296456299200503,0.09174879636303689,0.2795715524786156,0.10356242644285855,0.0
2006-07-28,0.06686807464889973,0.45,0.174394417129703,0.037464056379486944,0.19424984784567198,0.07702360399623844,0.0
2006-08-04,0.06686807464889973,0.45,0.174394417129703,0.037464056379486944,0.19424984784567198,0.07702360399623844,0.0
2006-08-11,0.06686807464889973,0.45,0.174394417129703,0.037464056379486944,0.19424984784567198,0.07702360399623844,0.0
2006-08-18,0.06686807464889973,0.45,0.174394417129703,0.037464056379486944,0.19424984784567198,0.07702360399623844,0.0
2006-08-25,0.05447833770610853,0.44999999999999996,0.24859363907614415,0.051127318807813904,0.13454693073025456,0.061253773679678894,0.0
2006-09-01,0.05447833770610853,0.44999999999999996,0.24859363907614415,0.051127318807813904,0.13454693073025456,0.061253773679678894,0.0
2006-09-08,0.05447833770610853,0.44999999999999996,0.24859363907614415,0.051127318807813904,0.13454693073025456,0.061253773679678894,0.0
2006-09-15,0.05447833770610853,0.44999999999999996,0.24859363907614415,0.051127318807813904,0.13454693073025456,0.061253773679678894,0.0
2006-09-22,0.05447833770610853,0.44999999999999996,0.24859363907614415,0.051127318807813904,0.13454693073025456,0.061253773679678894,0.0
2006-09-29,0.058163572146790195,0.45,0.26108118954283394,0.055101134256449746,0.11000866113591788,0.06564544291800824,0.0
2006-10-06,0.058163572146790195,0.45,0.26108118954283394,0.055101134256449746,0.11000866113591788,0.06564544291800824,0.0
2006-10-13,0.058163572146790195,0.45,0.26108118954283394,0.055101134256449746,0.11000866113591788,0.06564544291800824,0.0
2006-10-20,0.058163572146790195,0.45,0.26108118954283394,0.055101134256449746,0.11000866113591788,0.06564544291800824,0.0
2006-10-27,0.07043479446347739,0.2658334147103718,0.15437454804161557,0.10935724278453517,0.25278593301115376,0.1472140669888462,0.0
2006-11-03,0.07043479446347739,0.2658334147103718,0.15437454804161557,0.10935724278453517,0.25278593301115376,0.1472140669888462,0.0
2006-11-10,0.07043479446347739,0.2658334147103718,0.15437454804161557,0.10935724278453517,0.25278593301115376,0.1472140669888462,0.0
2006-11-17,0.07043479446347739,0.2658334147103718,0.15437454804161557,0.10935724278453517,0.25278593301115376,0.1472140669888462,0.0
2006-11-24,0.05508369806732295,0.45,0.25212732031851764,0.05917934669656384,0.11685662569294575,0.0667530092246498,0.0
2006-12-01,0.05508369806732295,0.45,0.25212732031851764,0.05917934669656384,0.11685662569294575,0.0667530092246498,0.0
2006-12-08,0.05508369806732295,0.45,0.25212732031851764,0.05917934669656384,0.11685662569294575,0.0667530092246498,0.0
2006-12-15,0.05508369806732295,0.45,0.25212732031851764,0.05917934669656384,0.11685662569294575,0.0667530092246498,0.0
2006-12-22,0.05508369806732295,0.45,0.25212732031851764,0.05917934669656384,0.11685662569294575,0.0667530092246498,0.0
2006-12-29,0.0537155209385703,0.45,0.2469394739429548,0.06182492950053406,0.12028823145407927,0.0672318441638616,0.0
2007-01-05,0.0537155209385703,0.45,0.2469394739429548,0.06182492950053406,0.12028823145407927,0.0672318441638616,0.0
2007-01-12,0.0537155209385703,0.45,0.2469394739429548,0.06182492950053406,0.12028823145407927,0.0672318441638616,0.0
2007-01-19,0.0537155209385703,0.45,0.2469394739429548,0.06182492950053406,0.12028823145407927,0.0672318441638616,0.0
2007-01-26,0.0538821475200335,0.44051679727563825,0.24795690405556342,0.06306358066832052,0.12475804995931344,0.06982252052113089,0.0
2007-02-02,0.0538821475200335,0.44051679727563825,0.24795690405556342,0.06306358066832052,0.12475804995931344,0.06982252052113089,0.0
2007-02-09,0.0538821475200335,0.44051679727563825,0.24795690405556342,0.06306358066832052,0.12475804995931344,0.06982252052113089,0.0
2007-02-16,0.0538821475200335,0.44051679727563825,0.24795690405556342,0.06306358066832052,0.12475804995931344,0.06982252052113089,0.0
2007-02-23,0.05225104350925412,0.36610366968220154,0.27165345897668225,0.07670806229930129,0.1623972683545012,0.07088649717805963,0.0
2007-03-02,0.05225104350925412,0.36610366968220154,0.27165345897668225,0.07670806229930129,0.1623972683545012,0.07088649717805963,0.0
2007-03-09,0.05225104350925412,0.36610366968220154,0.27165345897668225,0.07670806229930129,0.1623972683545012,0.07088649717805963,0.0
2007-03-16,0.05225104350925412,0.36610366968220154,0.27165345897668225,0.07670806229930129,0.1623972683545012,0.07088649717805963,0.0
2007-03-23,0.05225104350925412,0.36610366968220154,0.27165345897668225,0.07670806229930129,0.1623972683545012,0.07088649717805963,0.0
2007-03-30,0.0701405349359922,0.22479600626409213,0.17971858518666947,0.12534487361324623,0.2854139474215477,0.11458605257845232,0.0
2007-04-06,0.0701405349359922,0.22479600626409213,0.17971858518666947,0.12534487361324623,0.2854139474215477,0.11458605257845232,0.0
2007-04-13,0.0701405349359922,0.22479600626409213,0.17971858518666947,0.12534487361324623,0.2854139474215477,0.11458605257845232,0.0
2007-04-20,0.0701405349359922,0.22479600626409213,0.17971858518666947,0.12534487361324623,0.2854139474215477,0.11458605257845232,0.0
2007-04-27,0.07030160630571514,0.22435550785066583,0.17975855953793454,0.12558432630568447,0.28522794696254955,0.11477205303745051,0.0
2007-05-04,0.07030160630571514,0.22435550785066583,0.17975855953793454,0.12558432630568447,0.28522794696254955,0.11477205303745051,0.0
2007-05-11,0.07030160630571514,0.22435550785066583,0.17975855953793454,0.12558432630568447,0.28522794696254955,0.11477205303745051,0.0
2007-05-18,0.07030160630571514,0.22435550785066583,0.17975855953793454,0.12558432630568447,0.28522794696254955,0.11477205303745051,0.0
2007-05-25,0.07502628657880489,0.1960768832270004,0.20253359585681885,0.12636323433737587,0.31509710340652547,0.08490289659347455,0.0
2007-06-01,0.07502628657880489,0.1960768832270004,0.20253359585681885,0.12636323433737587,0.31509710340652547,0.08490289659347455,0.0
2007-06-08,0.07502628657880489,0.1960768832270004,0.20253359585681885,0.12636323433737587,0.31509710340652547,0.08490289659347455,0.0
2007-06-15,0.07502628657880489,0.1960768832270004,0.20253359585681885,0.12636323433737587,0.31509710340652547,0.08490289659347455,0.0
2007-06-22,0.07502628657880489,0.1960768832270004,0.20253359585681885,0.12636323433737587,0.31509710340652547,0.08490289659347455,0.0
2007-06-29,0.07602160637123759,0.18889512901812472,0.2067740345433158,0.1283092300673219,0.31681097835938415,0.08318902164061596,0.0
2007-07-06,0.07602160637123759,0.18889512901812472,0.2067740345433158,0.1283092300673219,0.31681097835938415,0.08318902164061596,0.0
2007-07-13,0.07602160637123759,0.18889512901812472,0.2067740345433158,0.1283092300673219,0.31681097835938415,0.08318902164061596,0.0
2007-07-20,0.07602160637123759,0.18889512901812472,0.2067740345433158,0.1283092300673219,0.31681097835938415,0.08318902164061596,0.0
2007-07-27,0.05229526558914254,0.1969401594260989,0.2911140315051879,0.07396687112158992,0.31088281165100096,0.0748008607069798,0.0
2007-08-03,0.05229526558914254,0.1969401594260989,0.2911140315051879,0.07396687112158992,0.31088281165100096,0.0748008607069798,0.0
2007-08-10,0.05229526558914254,0.1969401594260989,0.2911140315051879,0.07396687112158992,0.31088281165100096,0.0748008607069798,0.0
2007-08-17,0.05229526558914254,0.1969401594260989,0.2911140315051879,0.07396687112158992,0.31088281165100096,0.0748008607069798,0.0
2007-08-24,0.05229526558914254,0.1969401594260989,0.2911140315051879,0.07396687112158992,0.31088281165100096,0.0748008607069798,0.0
2007-08-31,0.047822925345536435,0.17153358625315643,0.2791002896372324,0.07362093792428233,0.349911715368035,0.07801054547175756,0.0
2007-09-07,0.047822925345536435,0.17153358625315643,0.2791002896372324,0.07362093792428233,0.349911715368035,0.07801054547175756,0.0
2007-09-14,0.047822925345536435,0.17153358625315643,0.2791002896372324,0.07362093792428233,0.349911715368035,0.07801054547175756,0.0
2007-09-21,0.047822925345536435,0.17153358625315643,0.2791002896372324,0.07362093792428233,0.349911715368035,0.07801054547175756,0.0
2007-09-28,0.06983783134461806,0.14779673674813895,0.2066436090022216,0.14572182290502148,0.35247294840021226,0.07752705159978777,0.0
2007-10-05,0.06983783134461806,0.14779673674813895,0.2066436090022216,0.14572182290502148,0.35247294840021226,0.07752705159978777,0.0
2007-10-12,0.06983783134461806,0.14779673674813895,0.2066436090022216,0.14572182290502148,0.35247294840021226,0.07752705159978777,0.0
2007-10-19,0.06983783134461806,0.14779673674813895,0.2066436090022216,0.14572182290502148,0.35247294840021226,0.07752705159978777,0.0
2007-10-26,0.04355059769538502,0.153940506849825,0.28870156515058115,0.07285759224737863,0.3642435547138206,0.07670618334300963,0.0
2007-11-02,0.04355059769538502,0.153940506849825,0.28870156515058115,0.07285759224737863,0.3642435547138206,0.07670618334300963,0.0
2007-11-09,0.04355059769538502,0.153940506849825,0.28870156515058115,0.07285759224737863,0.3642435547138206,0.07670618334300963,0.0
2007-11-16,0.04355059769538502,0.153940506849825,0.28870156515058115,0.07285759224737863,0.3642435547138206,0.07670618334300963,0.0
2007-11-23,0.04355059769538502,0.153940506849825,0.28870156515058115,0.07285759224737863,0.3642435547138206,0.07670618334300963,0.0
2007-11-30,0.055652356798745715,0.18379241948601766,0.2531723828807843,0.06329795288954793,0.34554041345934644,0.09854447448555796,0.0
2007-12-07,0.055652356798745715,0.18379241948601766,0.2531723828807843,0.06329795288954793,0.34554041345934644,0.09854447448555796,0.0
2007-12-14,0.055652356798745715,0.18379241948601766,0.2531723828807843,0.06329795288954793,0.34554041345934644,0.09854447448555796,0.0
2007-12-21,0.055652356798745715,0.18379241948601766,0.2531723828807843,0.06329795288954793,0.34554041345934644,0.09854447448555796,0.0
2007-12-28,0.05837332774176477,0.19142392210636833,0.26816907486029345,0.06796233849493659,0.3242247054424418,0.08984663135419493,1.1102230246251565e-16
2008-01-04,0.05837332774176477,0.19142392210636833,0.26816907486029345,0.06796233849493659,0.3242247054424418,0.08984663135419493,1.1102230246251565e-16
2008-01-11,0.05837332774176477,0.19142392210636833,0.26816907486029345,0.06796233849493659,0.3242247054424418,0.08984663135419493,1.1102230246251565e-16
2008-01-18,0.05837332774176477,0.19142392210636833,0.26816907486029345,0.06796233849493659,0.3242247054424418,0.08984663135419493,1.1102230246251565e-16
2008-01-25,0.05271835892422996,0.17558302423850897,0.2559939432802197,0.06431357094526893,0.35664704697487454,0.0947440556368979,0.0
2008-02-01,0.05271835892422996,0.17558302423850897,0.2559939432802197,0.06431357094526893,0.35664704697487454,0.0947440556368979,0.0
2008-02-08,0.05271835892422996,0.17558302423850897,0.2559939432802197,0.06431357094526893,0.35664704697487454,0.0947440556368979,0.0
2008-02-15,0.05271835892422996,0.17558302423850897,0.2559939432802197,0.06431357094526893,0.35664704697487454,0.0947440556368979,0.0
2008-02-22,0.05271835892422996,0.17558302423850897,0.2559939432802197,0.06431357094526893,0.35664704697487454,0.0947440556368979,0.0
2008-02-29,0.05271677778948171,0.17640458207262386,0.2552719555671592,0.0623219345212467,0.3576287734960026,0.09565597655348587,0.0
2008-03-07,0.05271677778948171,0.17640458207262386,0.2552719555671592,0.0623219345212467,0.3576287734960026,0.09565597655348587,0.0
2008-03-14,0.05271677778948171,0.17640458207262386,0.2552719555671592,0.0623219345212467,0.3576287734960026,0.09565597655348587,0.0
2008-03-21,0.05271677778948171,0.17640458207262386,0.2552719555671592,0.0623219345212467,0.3576287734960026,0.09565597655348587,0.0
2008-03-28,0.052777715207049006,0.17691457895399051,0.2518627012482122,0.049256811493605925,0.37473259108360446,0.09445560201353785,0.0
2008-04-04,0.052777715207049006,0.17691457895399051,0.2518627012482122,0.049256811493605925,0.37473259108360446,0.09445560201353785,0.0
2008-04-11,0.052777715207049006,0.17691457895399051,0.2518627012482122,0.049256811493605925,0.37473259108360446,0.09445560201353785,0.0
2008-04-18,0.052777715207049006,0.17691457895399051,0.2518627012482122,0.049256811493605925,0.37473259108360446,0.09445560201353785,0.0
2008-04-25,0.05353590664899611,0.17631281046561617,0.2473545935028552,0.04852510889211464,0.38094691385828233,0.09332466663213557,0.0
2008-05-02,0.05353590664899611,0.17631281046561617,0.2473545935028552,0.04852510889211464,0.38094691385828233,0.09332466663213557,0.0
2008-05-09,0.05353590664899611,0.17631281046561617,0.2473545935028552,0.04852510889211464,0.38094691385828233,0.09332466663213557,0.0
2008-05-16,0.05353590664899611,0.17631281046561617,0.2473545935028552,0.04852510889211464,0.38094691385828233,0.09332466663213557,0.0
2008-05-23,0.05353590664899611,0.17631281046561617,0.2473545935028552,0.04852510889211464,0.38094691385828233,0.09332466663213557,0.0
2008-05-30,0.05806535631190341,0.19048893664771144,0.26495336393378377,0.050840222623993375,0.347923992035545,0.08772812844706301,0.0
2008-06-06,0.05806535631190341,0.19048893664771144,0.26495336393378377,0.050840222623993375,0.347923992035545,0.08772812844706301,0.0
2008-06-13,0.05806535631190341,0.19048893664771144,0.26495336393378377,0.050840222623993375,0.347923992035545,0.08772812844706301,0.0
2008-06-20,0.05806535631190341,0.19048893664771144,0.26495336393378377,0.050840222623993375,0.347923992035545,0.08772812844706301,0.0
2008-06-27,0.05767468172971401,0.18709794489025197,0.33101411489161675,0.10223135737251735,0.23428579825158574,0.08769610286431422,0.0
2008-07-04,0.05767468172971401,0.18709794489025197,0.33101411489161675,0.10223135737251735,0.23428579825158574,0.08769610286431422,0.0
2008-07-11,0.05767468172971401,0.18709794489025197,0.33101411489161675,0.10223135737251735,0.23428579825158574,0.08769610286431422,0.0
2008-07-18,0.05767468172971401,0.18709794489025197,0.33101411489161675,0.10223135737251735,0.23428579825158574,0.08769610286431422,0.0
2008-07-25,0.05581692702333598,0.17204833627438,0.3198866146131418,0.10201745154082958,0.2578285333587229,0.09240213718958973,0.0
2008-08-01,0.05581692702333598,0.17204833627438,0.3198866146131418,0.10201745154082958,0.2578285333587229,0.09240213718958973,0.0
2008-08-08,0.05581692702333598,0.17204833627438,0.3198866146131418,0.10201745154082958,0.2578285333587229,0.09240213718958973,0.0
2008-08-15,0.05581692702333598,0.17204833627438,0.3198866146131418,0.10201745154082958,0.2578285333587229,0.09240213718958973,0.0
2008-08-22,0.05581692702333598,0.17204833627438,0.3198866146131418,0.10201745154082958,0.2578285333587229,0.09240213718958973,0.0
2008-08-29,0.060919459954129125,0.1764289427600378,0.3482033215084377,0.09283820898809618,0.2506966646017663,0.07091340218753295,0.0
2008-09-05,0.060919459954129125,0.1764289427600378,0.3482033215084377,0.09283820898809618,0.2506966646017663,0.07091340218753295,0.0
2008-09-12,0.060919459954129125,0.1764289427600378,0.3482033215084377,0.09283820898809618,0.2506966646017663,0.07091340218753295,0.0
2008-09-19,0.060919459954129125,0.1764289427600378,0.3482033215084377,0.09283820898809618,0.2506966646017663,0.07091340218753295,0.0
2008-09-26,0.0601957000241066,0.17011927897365964,0.3361511353154412,0.08137428491309245,0.2733714538332672,0.07878814694043274,0.0
2008-10-03,0.0601957000241066,0.17011927897365964,0.3361511353154412,0.08137428491309245,0.2733714538332672,0.07878814694043274,0.0
2008-10-10,0.0601957000241066,0.17011927897365964,0.3361511353154412,0.08137428491309245,0.2733714538332672,0.07878814694043274,0.0
2008-10-17,0.0601957000241066,0.17011927897365964,0.3361511353154412,0.08137428491309245,0.2733714538332672,0.07878814694043274,0.0
2008-10-24,0.0601957000241066,0.17011927897365964,0.3361511353154412,0.08137428491309245,0.2733714538332672,0.07878814694043274,0.0
2008-10-31,0.08213528155860837,0.12019089509850397,0.32188913124461715,0.08680431568960831,0.23940940622815074,0.14957097018051146,0.0
2008-11-07,0.08213528155860837,0.12019089509850397,0.32188913124461715,0.08680431568960831,0.23940940622815074,0.14957097018051146,0.0
2008-11-14,0.08213528155860837,0.12019089509850397,0.32188913124461715,0.08680431568960831,0.23940940622815074,0.14957097018051146,0.0
2008-11-21,0.08213528155860837,0.12019089509850397,0.32188913124461715,0.08680431568960831,0.23940940622815074,0.14957097018051146,0.0
2008-11-28,0.09201612717723757,0.2292350296542208,0.29387149197965057,0.07473295472445426,0.2211667353493984,0.08897766111503848,0.0
2008-12-05,0.09201612717723757,0.2292350296542208,0.29387149197965057,0.07473295472445426,0.2211667353493984,0.08897766111503848,0.0
2008-12-12,0.09201612717723757,0.2292350296542208,0.29387149197965057,0.07473295472445426,0.2211667353493984,0.08897766111503848,0.0
2008-12-19,0.09201612717723757,0.2292350296542208,0.29387149197965057,0.07473295472445426,0.2211667353493984,0.08897766111503848,0.0
2008-12-26,0.15183567199815945,0.11297559105948989,0.3111980813897713,0.09899122895253437,0.2481718149608047,0.07682761163924029,0.0
2009-01-02,0.15183567199815945,0.11297559105948989,0.3111980813897713,0.09899122895253437,0.2481718149608047,0.07682761163924029,0.0
2009-01-09,0.15183567199815945,0.11297559105948989,0.3111980813897713,0.09899122895253437,0.2481718149608047,0.07682761163924029,0.0
2009-01-16,0.15183567199815945,0.11297559105948989,0.3111980813897713,0.09899122895253437,0.2481718149608047,0.07682761163924029,0.0
2009-01-23,0.15183567199815945,0.11297559105948989,0.3111980813897713,0.09899122895253437,0.2481718149608047,0.07682761163924029,0.0
2009-01-30,0.15381043311515194,0.11174750648813521,0.3157357637392583,0.10009768318429509,0.24494669855909776,0.07366191491406164,0.0
2009-02-06,0.15381043311515194,0.11174750648813521,0.3157357637392583,0.10009768318429509,0.24494669855909776,0.07366191491406164,0.0
2009-02-13,0.15381043311515194,0.11174750648813521,0.3157357637392583,0.10009768318429509,0.24494669855909776,0.07366191491406164,0.0
2009-02-20,0.15381043311515194,0.11174750648813521,0.3157357637392583,0.10009768318429509,0.24494669855909776,0.07366191491406164,0.0
2009-02-27,0.1597621618188275,0.11348311984841453,0.3084253909172861,0.09747421560657378,0.246509085732068,0.0743460260768302,0.0
2009-03-06,0.1597621618188275,0.11348311984841453,0.3084253909172861,0.09747421560657378,0.246509085732068,0.0743460260768302,0.0
2009-03-13,0.1597621618188275,0.11348311984841453,0.3084253909172861,0.09747421560657378,0.246509085732068,0.0743460260768302,0.0
2009-03-20,0.1597621618188275,0.11348311984841453,0.3084253909172861,0.09747421560657378,0.246509085732068,0.0743460260768302,0.0
2009-03-27,0.1626134578180834,0.112900731611682,0.31029257546443784,0.09360773559959017,0.24636378280313392,0.07422171670307282,0.0
2009-04-03,0.1626134578180834,0.112900731611682,0.31029257546443784,0.09360773559959017,0.24636378280313392,0.07422171670307282,0.0
2009-04-10,0.1626134578180834,0.112900731611682,0.31029257546443784,0.09360773559959017,0.24636378280313392,0.07422171670307282,0.0
2009-04-17,0.1626134578180834,0.112900731611682,0.31029257546443784,0.09360773559959017,0.24636378280313392,0.07422171670307282,0.0
2009-04-24,0.12358863727449476,0.226139573718933,0.25869446423658293,0.08761488982637759,0.20511878009227572,0.0988436548513361,0.0
2009-05-01,0.12358863727449476,0.226139573718933,0.25869446423658293,0.08761488982637759,0.20511878009227572,0.0988436548513361,0.0
2009-05-08,0.12358863727449476,0.226139573718933,0.25869446423658293,0.08761488982637759,0.20511878009227572,0.0988436548513361,0.0
2009-05-15,0.12358863727449476,0.226139573718933,0.25869446423658293,0.08761488982637759,0.20511878009227572,0.0988436548513361,0.0
2009-05-22,0.12358863727449476,0.226139573718933,0.25869446423658293,0.08761488982637759,0.20511878009227572,0.0988436548513361,0.0
2009-05-29,0.14372450168040452,0.2241162347278652,0.2587930705446242,0.0929766456319652,0.1873785151283047,0.09301103228683613,0.0
2009-06-05,0.14372450168040452,0.2241162347278652,0.2587930705446242,0.0929766456319652,0.1873785151283047,0.09301103228683613,0.0
2009-06-12,0.14372450168040452,0.2241162347278652,0.2587930705446242,0.0929766456319652,0.1873785151283047,0.09301103228683613,0.0
2009-06-19,0.14372450168040452,0.2241162347278652,0.2587930705446242,0.0929766456319652,0.1873785151283047,0.09301103228683613,0.0
2009-06-26,0.11703366414976006,0.1544719179863934,0.15339147407526182,0.14510294378858465,0.2887094162235899,0.14129058377641007,0.0
2009-07-03,0.11703366414976006,0.1544719179863934,0.15339147407526182,0.14510294378858465,0.2887094162235899,0.14129058377641007,0.0
2009-07-10,0.11703366414976006,0.1544719179863934,0.15339147407526182,0.14510294378858465,0.2887094162235899,0.14129058377641007,0.0
2009-07-17,0.11703366414976006,0.1544719179863934,0.15339147407526182,0.14510294378858465,0.2887094162235899,0.14129058377641007,0.0
2009-07-24,0.11703366414976006,0.1544719179863934,0.15339147407526182,0.14510294378858465,0.2887094162235899,0.14129058377641007,0.0
2009-07-31,0.12065850881529142,0.1534782964995417,0.15059035224831874,0.1452728424368481,0.2948640431547885,0.1351359568452115,0.0
2009-08-07,0.12065850881529142,0.1534782964995417,0.15059035224831874,0.1452728424368481,0.2948640431547885,0.1351359568452115,0.0
2009-08-14,0.12065850881529142,0.1534782964995417,0.15059035224831874,0.1452728424368481,0.2948640431547885,0.1351359568452115,0.0
2009-08-21,0.12065850881529142,0.1534782964995417,0.15059035224831874,0.1452728424368481,0.2948640431547885,0.1351359568452115,0.0
2009-08-28,0.13136106960258367,0.16293390426160864,0.17231477762938488,0.13339024850642286,0.2765723149040604,0.1234276850959396,0.0
2009-09-04,0.13136106960258367,0.16293390426160864,0.17231477762938488,0.13339024850642286,0.2765723149040604,0.1234276850959396,0.0
2009-09-11,0.13136106960258367,0.16293390426160864,0.17231477762938488,0.13339024850642286,0.2765723149040604,0.1234276850959396,0.0
2009-09-18,0.13136106960258367,0.16293390426160864,0.17231477762938488,0.13339024850642286,0.2765723149040604,0.1234276850959396,0.0
2009-09-25,0.1141043199939528,0.10695097585789616,0.301692085381701,0.09471019498456616,0.2679789020274165,0.11456352175446743,0.0
2009-10-02,0.1141043199939528,0.10695097585789616,0.301692085381701,0.09471019498456616,0.2679789020274165,0.11456352175446743,0.0
2009-10-09,0.1141043199939528,0.10695097585789616,0.301692085381701,0.09471019498456616,0.2679789020274165,0.11456352175446743,0.0
2009-10-16,0.1141043199939528,0.10695097585789616,0.301692085381701,0.09471019498456616,0.2679789020274165,0.11456352175446743,0.0
2009-10-23,0.1141043199939528,0.10695097585789616,0.301692085381701,0.09471019498456616,0.2679789020274165,0.11456352175446743,0.0
2009-10-30,0.18765748434240082,0.09077254949418873,0.3038514535315796,0.0902561900942914,0.2721572396514783,0.05530508288606112,0.0
2009-11-06,0.18765748434240082,0.09077254949418873,0.3038514535315796,0.0902561900942914,0.2721572396514783,0.05530508288606112,0.0
2009-11-13,0.18765748434240082,0.09077254949418873,0.3038514535315796,0.0902561900942914,0.2721572396514783,0.05530508288606112,0.0
2009-11-20,0.18765748434240082,0.09077254949418873,0.3038514535315796,0.0902561900942914,0.2721572396514783,0.05530508288606112,0.0
2009-11-27,0.18436039735208934,0.08957325453195544,0.3049964277417957,0.09039709528966582,0.2755374867135948,0.05513533837089895,0.0
2009-12-04,0.18436039735208934,0.08957325453195544,0.3049964277417957,0.09039709528966582,0.2755374867135948,0.05513533837089895,0.0
2009-12-11,0.18436039735208934,0.08957325453195544,0.3049964277417957,0.09039709528966582,0.2755374867135948,0.05513533837089895,0.0
2009-12-18,0.18436039735208934,0.08957325453195544,0.3049964277417957,0.09039709528966582,0.2755374867135948,0.05513533837089895,0.0
2009-12-25,0.1835596202556073,0.0891931487898436,0.30564103114869884,0.08935442687741217,0.2776274104710363,0.05462436245740186,0.0
2010-01-01,0.1835596202556073,0.0891931487898436,0.30564103114869884,0.08935442687741217,0.2776274104710363,0.05462436245740186,0.0
2010-01-08,0.1835596202556073,0.0891931487898436,0.30564103114869884,0.08935442687741217,0.2776274104710363,0.05462436245740186,0.0
2010-01-15,0.1835596202556073,0.0891931487898436,0.30564103114869884,0.08935442687741217,0.2776274104710363,0.05462436245740186,0.0
2010-01-22,0.1835596202556073,0.0891931487898436,0.30564103114869884,0.08935442687741217,0.2776274104710363,0.05462436245740186,0.0
2010-01-29,0.18564496910151207,0.08903225615187677,0.30688553266205715,0.09188636345166268,0.2708446567480936,0.055706221884797735,0.0
2010-02-05,0.18564496910151207,0.08903225615187677,0.30688553266205715,0.09188636345166268,0.2708446567480936,0.055706221884797735,0.0
2010-02-12,0.18564496910151207,0.08903225615187677,0.30688553266205715,0.09188636345166268,0.2708446567480936,0.055706221884797735,0.0
2010-02-19,0.18564496910151207,0.08903225615187677,0.30688553266205715,0.09188636345166268,0.2708446567480936,0.055706221884797735,0.0
2010-02-26,0.19504815818952057,0.09262171012109315,0.2949351678497772,0.09241060509628508,0.2682192600147331,0.0567650987285909,0.0
2010-03-05,0.19504815818952057,0.09262171012109315,0.2949351678497772,0.09241060509628508,0.2682192600147331,0.0567650987285909,0.0
2010-03-12,0.19504815818952057,0.09262171012109315,0.2949351678497772,0.09241060509628508,0.2682192600147331,0.0567650987285909,0.0
2010-03-19,0.19504815818952057,0.09262171012109315,0.2949351678497772,0.09241060509628508,0.2682192600147331,0.0567650987285909,0.0
2010-03-26,0.1983320904227868,0.09397368138594679,0.29346551907483914,0.09235157760028642,0.26536004248063266,0.05651708903550826,0.0
2010-04-02,0.1983320904227868,0.09397368138594679,0.29346551907483914,0.09235157760028642,0.26536004248063266,0.05651708903550826,0.0
2010-04-09,0.1983320904227868,0.09397368138594679,0.29346551907483914,0.09235157760028642,0.26536004248063266,0.05651708903550826,0.0
2010-04-16,0.1983320904227868,0.09397368138594679,0.29346551907483914,0.09235157760028642,0.26536004248063266,0.05651708903550826,0.0
2010-04-23,0.1983320904227868,0.09397368138594679,0.29346551907483914,0.09235157760028642,0.26536004248063266,0.05651708903550826,0.0
2010-04-30,0.18366444047209346,0.09019063406014127,0.2899640925980309,0.09277671749200916,0.28510112308745117,0.058302992290274074,0.0
2010-05-07,0.18366444047209346,0.09019063406014127,0.2899640925980309,0.09277671749200916,0.28510112308745117,0.058302992290274074,0.0
2010-05-14,0.18366444047209346,0.09019063406014127,0.2899640925980309,0.09277671749200916,0.28510112308745117,0.058302992290274074,0.0
2010-05-21,0.18366444047209346,0.09019063406014127,0.2899640925980309,0.09277671749200916,0.28510112308745117,0.058302992290274074,0.0
2010-05-28,0.1134940811694183,0.09933013004538434,0.29558964553320444,0.0954231205007087,0.2741632144881849,0.12199980826309935,0.0
2010-06-04,0.1134940811694183,0.09933013004538434,0.29558964553320444,0.0954231205007087,0.2741632144881849,0.12199980826309935,0.0
2010-06-11,0.1134940811694183,0.09933013004538434,0.29558964553320444,0.0954231205007087,0.2741632144881849,0.12199980826309935,0.0
2010-06-18,0.1134940811694183,0.09933013004538434,0.29558964553320444,0.0954231205007087,0.2741632144881849,0.12199980826309935,0.0
2010-06-25,0.1111647004612773,0.10385541793600603,0.28922170958063476,0.09515672626695564,0.2741953892062179,0.12640605654890844,0.0
2010-07-02,0.1111647004612773,0.10385541793600603,0.28922170958063476,0.09515672626695564,0.2741953892062179,0.12640605654890844,0.0
2010-07-09,0.1111647004612773,0.10385541793600603,0.28922170958063476,0.09515672626695564,0.2741953892062179,0.12640605654890844,0.0
2010-07-16,0.1111647004612773,0.10385541793600603,0.28922170958063476,0.09515672626695564,0.2741953892062179,0.12640605654890844,0.0
2010-07-23,0.1111647004612773,0.10385541793600603,0.28922170958063476,0.09515672626695564,0.2741953892062179,0.12640605654890844,0.0
2010-07-30,0.16420762691286428,0.08172687678758013,0.3069929673147745,0.08494883224561504,0.3094849120941016,0.052638784645064406,0.0
2010-08-06,0.16420762691286428,0.08172687678758013,0.3069929673147745,0.08494883224561504,0.3094849120941016,0.052638784645064406,0.0
2010-08-13,0.16420762691286428,0.08172687678758013,0.3069929673147745,0.08494883224561504,0.3094849120941016,0.052638784645064406,0.0
2010-08-20,0.16420762691286428,0.08172687678758013,0.3069929673147745,0.08494883224561504,0.3094849120941016,0.052638784645064406,0.0
2010-08-27,0.16735848758299915,0.0853322470110768,0.30789737486982327,0.08158798158544897,0.3044329367614185,0.053390972189233214,0.0
2010-09-03,0.16735848758299915,0.0853322470110768,0.30789737486982327,0.08158798158544897,0.3044329367614185,0.053390972189233214,0.0
2010-09-10,0.16735848758299915,0.0853322470110768,0.30789737486982327,0.08158798158544897,0.3044329367614185,0.053390972189233214,0.0
2010-09-17,0.16735848758299915,0.0853322470110768,0.30789737486982327,0.08158798158544897,0.3044329367614185,0.053390972189233214,0.0
2010-09-24,0.16344495806308704,0.12123593084564585,0.1765822575438698,0.13873685354739732,0.28237924106752765,0.11762075893247233,0.0
2010-10-01,0.16344495806308704,0.12123593084564585,0.1765822575438698,0.13873685354739732,0.28237924106752765,0.11762075893247233,0.0
2010-10-08,0.16344495806308704,0.12123593084564585,0.1765822575438698,0.13873685354739732,0.28237924106752765,0.11762075893247233,0.0
2010-10-15,0.16344495806308704,0.12123593084564585,0.1765822575438698,0.13873685354739732,0.28237924106752765,0.11762075893247233,0.0
2010-10-22,0.16344495806308704,0.12123593084564585,0.1765822575438698,0.13873685354739732,0.28237924106752765,0.11762075893247233,0.0
2010-10-29,0.17817599277999377,0.11329535536876652,0.20840492825996193,0.08112488264782969,0.29453890486976564,0.1244599360736826,0.0
2010-11-05,0.17817599277999377,0.11329535536876652,0.20840492825996193,0.08112488264782969,0.29453890486976564,0.1244599360736826,0.0
2010-11-12,0.17817599277999377,0.11329535536876652,0.20840492825996193,0.08112488264782969,0.29453890486976564,0.1244599360736826,0.0
2010-11-19,0.17817599277999377,0.11329535536876652,0.20840492825996193,0.08112488264782969,0.29453890486976564,0.1244599360736826,0.0
2010-11-26,0.16611532744936314,0.12165758876963276,0.17435436504225896,0.13787271873874515,0.280157079803492,0.11984292019650794,0.0
2010-12-03,0.16611532744936314,0.12165758876963276,0.17435436504225896,0.13787271873874515,0.280157079803492,0.11984292019650794,0.0
2010-12-10,0.16611532744936314,0.12165758876963276,0.17435436504225896,0.13787271873874515,0.280157079803492,0.11984292019650794,0.0
2010-12-17,0.16611532744936314,0.12165758876963276,0.17435436504225896,0.13787271873874515,0.280157079803492,0.11984292019650794,0.0
2010-12-24,0.16611532744936314,0.12165758876963276,0.17435436504225896,0.13787271873874515,0.280157079803492,0.11984292019650794,0.0
2010-12-31,0.1780764949224582,0.11585315809177965,0.21149637559378903,0.08238253828658343,0.28368710449046064,0.12850432861492905,0.0
2011-01-07,0.1780764949224582,0.11585315809177965,0.21149637559378903,0.08238253828658343,0.28368710449046064,0.12850432861492905,0.0
2011-01-14,0.1780764949224582,0.11585315809177965,0.21149637559378903,0.08238253828658343,0.28368710449046064,0.12850432861492905,0.0
2011-01-21,0.1780764949224582,0.11585315809177965,0.21149637559378903,0.08238253828658343,0.28368710449046064,0.12850432861492905,0.0
2011-01-28,0.17141789150037226,0.12117578136892046,0.17020430371636128,0.13720202341434595,0.27546375633667136,0.12453624366332866,0.0
2011-02-04,0.17141789150037226,0.12117578136892046,0.17020430371636128,0.13720202341434595,0.27546375633667136,0.12453624366332866,0.0
2011-02-11,0.17141789150037226,0.12117578136892046,0.17020430371636128,0.13720202341434595,0.27546375633667136,0.12453624366332866,0.0
2011-02-18,0.17141789150037226,0.12117578136892046,0.17020430371636128,0.13720202341434595,0.27546375633667136,0.12453624366332866,0.0
2011-02-25,0.17125893911019083,0.12103842379190059,0.17086752529329757,0.13683511180461105,0.27398902839098604,0.12601097160901398,0.0
2011-03-04,0.17125893911019083,0.12103842379190059,0.17086752529329757,0.13683511180461105,0.27398902839098604,0.12601097160901398,0.0
2011-03-11,0.17125893911019083,0.12103842379190059,0.17086752529329757,0.13683511180461105,0.27398902839098604,0.12601097160901398,0.0
2011-03-18,0.17125893911019083,0.12103842379190059,0.17086752529329757,0.13683511180461105,0.27398902839098604,0.12601097160901398,0.0
2011-03-25,0.16933582169140812,0.11838406389049902,0.17061209926191007,0.14166801515618282,0.272899795550727,0.12710020444927297,0.0
2011-04-01,0.16933582169140812,0.11838406389049902,0.17061209926191007,0.14166801515618282,0.272899795550727,0.12710020444927297,0.0
2011-04-08,0.16933582169140812,0.11838406389049902,0.17061209926191007,0.14166801515618282,0.272899795550727,0.12710020444927297,0.0
2011-04-15,0.16933582169140812,0.11838406389049902,0.17061209926191007,0.14166801515618282,0.272899795550727,0.12710020444927297,0.0
2011-04-22,0.16933582169140812,0.11838406389049902,0.17061209926191007,0.14166801515618282,0.272899795550727,0.12710020444927297,0.0
2011-04-29,0.18235669723882791,0.11123481106448231,0.21232478215341574,0.09225252813033669,0.27315607556425453,0.1286751058486828,0.0
2011-05-06,0.18235669723882791,0.11123481106448231,0.21232478215341574,0.09225252813033669,0.27315607556425453,0.1286751058486828,0.0
2011-05-13,0.18235669723882791,0.11123481106448231,0.21232478215341574,0.09225252813033669,0.27315607556425453,0.1286751058486828,0.0
2011-05-20,0.18235669723882791,0.11123481106448231,0.21232478215341574,0.09225252813033669,0.27315607556425453,0.1286751058486828,0.0
2011-05-27,0.18146631319344847,0.11012556987126676,0.21184589003349952,0.09400985115924032,0.2743520025118598,0.12820037323068512,0.0
2011-06-03,0.18146631319344847,0.11012556987126676,0.21184589003349952,0.09400985115924032,0.2743520025118598,0.12820037323068512,0.0
2011-06-10,0.18146631319344847,0.11012556987126676,0.21184589003349952,0.09400985115924032,0.2743520025118598,0.12820037323068512,0.0
2011-06-17,0.18146631319344847,0.11012556987126676,0.21184589003349952,0.09400985115924032,0.2743520025118598,0.12820037323068512,0.0
2011-06-24,0.16267566898708943,0.11724551659224253,0.17312458089171784,0.1469542335289502,0.2730084970678372,0.12699150293216283,0.0
2011-07-01,0.16267566898708943,0.11724551659224253,0.17312458089171784,0.1469542335289502,0.2730084970678372,0.12699150293216283,0.0
2011-07-08,0.16267566898708943,0.11724551659224253,0.17312458089171784,0.1469542335289502,0.2730084970678372,0.12699150293216283,0.0
2011-07-15,0.16267566898708943,0.11724551659224253,0.17312458089171784,0.1469542335289502,0.2730084970678372,0.12699150293216283,0.0
2011-07-22,0.16267566898708943,0.11724551659224253,0.17312458089171784,0.1469542335289502,0.2730084970678372,0.12699150293216283,0.0
2011-07-29,0.16630463010034785,0.10832746257983095,0.2038724831860969,0.097239483914367,0.28873006000186446,0.13552588021749282,0.0
2011-08-05,0.16630463010034785,0.10832746257983095,0.2038724831860969,0.097239483914367,0.28873006000186446,0.13552588021749282,0.0
2011-08-12,0.16630463010034785,0.10832746257983095,0.2038724831860969,0.097239483914367,0.28873006000186446,0.13552588021749282,0.0
2011-08-19,0.16630463010034785,0.10832746257983095,0.2038724831860969,0.097239483914367,0.28873006000186446,0.13552588021749282,0.0
2011-08-26,0.1629731207112928,0.10286434290194062,0.1939210534314802,0.10038015568830409,0.2816060085677903,0.15825531869919207,0.0
2011-09-02,0.1629731207112928,0.10286434290194062,0.1939210534314802,0.10038015568830409,0.2816060085677903,0.15825531869919207,0.0
2011-09-09,0.1629731207112928,0.10286434290194062,0.1939210534314802,0.10038015568830409,0.2816060085677903,0.15825531869919207,0.0
2011-09-16,0.1629731207112928,0.10286434290194062,0.1939210534314802,0.10038015568830409,0.2816060085677903,0.15825531869919207,0.0
2011-09-23,0.1629731207112928,0.10286434290194062,0.1939210534314802,0.10038015568830409,0.2816060085677903,0.15825531869919207,0.0
2011-09-30,0.0959450014584699,0.14988260954138505,0.19072029259284648,0.11135874846968494,0.28380818584249967,0.168285162095114,0.0
2011-10-07,0.0959450014584699,0.14988260954138505,0.19072029259284648,0.11135874846968494,0.28380818584249967,0.168285162095114,0.0
2011-10-14,0.0959450014584699,0.14988260954138505,0.19072029259284648,0.11135874846968494,0.28380818584249967,0.168285162095114,0.0
2011-10-21,0.0959450014584699,0.14988260954138505,0.19072029259284648,0.11135874846968494,0.28380818584249967,0.168285162095114,0.0
2011-10-28,0.0909336339238837,0.14828842582562124,0.18321346827801022,0.11566718679701052,0.273238445125899,0.18865884004957514,2.220446049250313e-16
2011-11-04,0.0909336339238837,0.14828842582562124,0.18321346827801022,0.11566718679701052,0.273238445125899,0.18865884004957514,2.220446049250313e-16
2011-11-11,0.0909336339238837,0.14828842582562124,0.18321346827801022,0.11566718679701052,0.273238445125899,0.18865884004957514,2.220446049250313e-16
2011-11-18,0.0909336339238837,0.14828842582562124,0.18321346827801022,0.11566718679701052,0.273238445125899,0.18865884004957514,2.220446049250313e-16
2011-11-25,0.09017878388450554,0.11662730215045311,0.1748529904859875,0.06090098347150285,0.3533389360844968,0.20410100392305416,0.0
2011-12-02,0.09017878388450554,0.11662730215045311,0.1748529904859875,0.06090098347150285,0.3533389360844968,0.20410100392305416,0.0
2011-12-09,0.09017878388450554,0.11662730215045311,0.1748529904859875,0.06090098347150285,0.3533389360844968,0.20410100392305416,0.0
2011-12-16,0.09017878388450554,0.11662730215045311,0.1748529904859875,0.06090098347150285,0.3533389360844968,0.20410100392305416,0.0
2011-12-23,0.09017878388450554,0.11662730215045311,0.1748529904859875,0.06090098347150285,0.3533389360844968,0.20410100392305416,0.0
2011-12-30,0.09414549890110031,0.09765731195002653,0.32306661947603316,0.05547222541929707,0.3354321808254408,0.09422616342810222,0.0
2012-01-06,0.09414549890110031,0.09765731195002653,0.32306661947603316,0.05547222541929707,0.3354321808254408,0.09422616342810222,0.0
2012-01-13,0.09414549890110031,0.09765731195002653,0.32306661947603316,0.05547222541929707,0.3354321808254408,0.09422616342810222,0.0
2012-01-20,0.09414549890110031,0.09765731195002653,0.32306661947603316,0.05547222541929707,0.3354321808254408,0.09422616342810222,0.0
2012-01-27,0.09941641302304667,0.10754093455848902,0.22955302845406728,0.13348962396439706,0.3314339846357942,0.09856601536420573,0.0
2012-02-03,0.09941641302304667,0.10754093455848902,0.22955302845406728,0.13348962396439706,0.3314339846357942,0.09856601536420573,0.0
2012-02-10,0.09941641302304667,0.10754093455848902,0.22955302845406728,0.13348962396439706,0.3314339846357942,0.09856601536420573,0.0
2012-02-17,0.09941641302304667,0.10754093455848902,0.22955302845406728,0.13348962396439706,0.3314339846357942,0.09856601536420573,0.0
2012-02-24,0.10864015101439409,0.14431791976621458,0.23949442702605944,0.16754750219333187,0.262272769658378,0.07772723034162202,1.1102230246251565e-16
2012-03-02,0.10864015101439409,0.14431791976621458,0.23949442702605944,0.16754750219333187,0.262272769658378,0.07772723034162202,1.1102230246251565e-16
2012-03-09,0.10864015101439409,0.14431791976621458,0.23949442702605944,0.16754750219333187,0.262272769658378,0.07772723034162202,1.1102230246251565e-16
2012-03-16,0.10864015101439409,0.14431791976621458,0.23949442702605944,0.16754750219333187,0.262272769658378,0.07772723034162202,1.1102230246251565e-16
2012-03-23,0.10864015101439409,0.14431791976621458,0.23949442702605944,0.16754750219333187,0.262272769658378,0.07772723034162202,1.1102230246251565e-16
2012-03-30,0.10747463075363715,0.13684127645012636,0.18029704615826178,0.17538704663797475,0.2985600972991323,0.10143990270086772,0.0
2012-04-06,0.10747463075363715,0.13684127645012636,0.18029704615826178,0.17538704663797475,0.2985600972991323,0.10143990270086772,0.0
2012-04-13,0.10747463075363715,0.13684127645012636,0.18029704615826178,0.17538704663797475,0.2985600972991323,0.10143990270086772,0.0
2012-04-20,0.10747463075363715,0.13684127645012636,0.18029704615826178,0.17538704663797475,0.2985600972991323,0.10143990270086772,0.0
2012-04-27,0.10821025296931726,0.1363645985645805,0.18169616504646222,0.17372898341964002,0.29772651321048654,0.10227348678951348,0.0
2012-05-04,0.10821025296931726,0.1363645985645805,0.18169616504646222,0.17372898341964002,0.29772651321048654,0.10227348678951348,0.0
2012-05-11,0.10821025296931726,0.1363645985645805,0.18169616504646222,0.17372898341964002,0.29772651321048654,0.10227348678951348,0.0
2012-05-18,0.10821025296931726,0.1363645985645805,0.18169616504646222,0.17372898341964002,0.29772651321048654,0.10227348678951348,0.0
2012-05-25,0.08520240703237973,0.11086909222650186,0.19787428366201776,0.11422713629565202,0.36684720165078055,0.12497987913266807,0.0
2012-06-01,0.08520240703237973,0.11086909222650186,0.19787428366201776,0.11422713629565202,0.36684720165078055,0.12497987913266807,0.0
2012-06-08,0.08520240703237973,0.11086909222650186,0.19787428366201776,0.11422713629565202,0.36684720165078055,0.12497987913266807,0.0
2012-06-15,0.08520240703237973,0.11086909222650186,0.19787428366201776,0.11422713629565202,0.36684720165078055,0.12497987913266807,0.0
2012-06-22,0.08520240703237973,0.11086909222650186,0.19787428366201776,0.11422713629565202,0.36684720165078055,0.12497987913266807,0.0
2012-06-29,0.11115716595443438,0.13111448994315847,0.18700158279805176,0.1707267613043554,0.2959911404772936,0.10400885952270647,0.0
2012-07-06,0.11115716595443438,0.13111448994315847,0.18700158279805176,0.1707267613043554,0.2959911404772936,0.10400885952270647,0.0
2012-07-13,0.11115716595443438,0.13111448994315847,0.18700158279805176,0.1707267613043554,0.2959911404772936,0.10400885952270647,0.0
2012-07-20,0.11115716595443438,0.13111448994315847,0.18700158279805176,0.1707267613043554,0.2959911404772936,0.10400885952270647,0.0
2012-07-27,0.08464530884730836,0.1081869566679118,0.20026510014909504,0.10786400129248555,0.36244593954688864,0.1365926934963106,0.0
2012-08-03,0.08464530884730836,0.1081869566679118,0.20026510014909504,0.10786400129248555,0.36244593954688864,0.1365926934963106,0.0
2012-08-10,0.08464530884730836,0.1081869566679118,0.20026510014909504,0.10786400129248555,0.36244593954688864,0.1365926934963106,0.0
2012-08-17,0.08464530884730836,0.1081869566679118,0.20026510014909504,0.10786400129248555,0.36244593954688864,0.1365926934963106,0.0
2012-08-24,0.08464530884730836,0.1081869566679118,0.20026510014909504,0.10786400129248555,0.36244593954688864,0.1365926934963106,0.0
2012-08-31,0.08444739356416214,0.10880312285691114,0.20000840638482215,0.10756515434251938,0.35869108709349273,0.14048483575809242,0.0
2012-09-07,0.08444739356416214,0.10880312285691114,0.20000840638482215,0.10756515434251938,0.35869108709349273,0.14048483575809242,0.0
2012-09-14,0.08444739356416214,0.10880312285691114,0.20000840638482215,0.10756515434251938,0.35869108709349273,0.14048483575809242,0.0
2012-09-21,0.08444739356416214,0.10880312285691114,0.20000840638482215,0.10756515434251938,0.35869108709349273,0.14048483575809242,0.0
2012-09-28,0.08284865850154037,0.10892104427282336,0.19646608328668502,0.10737159259243778,0.35526833902336413,0.14912428232314934,0.0
2012-10-05,0.08284865850154037,0.10892104427282336,0.19646608328668502,0.10737159259243778,0.35526833902336413,0.14912428232314934,0.0
2012-10-12,0.08284865850154037,0.10892104427282336,0.19646608328668502,0.10737159259243778,0.35526833902336413,0.14912428232314934,0.0
2012-10-19,0.08284865850154037,0.10892104427282336,0.19646608328668502,0.10737159259243778,0.35526833902336413,0.14912428232314934,0.0
2012-10-26,0.06642179994012891,0.12049788084511266,0.15791421864678884,0.06187035585211838,0.3467599951697764,0.24653574954607482,0.0
2012-11-02,0.06642179994012891,0.12049788084511266,0.15791421864678884,0.06187035585211838,0.3467599951697764,0.24653574954607482,0.0
2012-11-09,0.06642179994012891,0.12049788084511266,0.15791421864678884,0.06187035585211838,0.3467599951697764,0.24653574954607482,0.0
2012-11-16,0.06642179994012891,0.12049788084511266,0.15791421864678884,0.06187035585211838,0.3467599951697764,0.24653574954607482,0.0
2012-11-23,0.06642179994012891,0.12049788084511266,0.15791421864678884,0.06187035585211838,0.3467599951697764,0.24653574954607482,0.0
2012-11-30,0.08480516473084501,0.09649942022744971,0.30991122526924586,0.05799277581576887,0.3198681180730305,0.13092329588366006,0.0
2012-12-07,0.08480516473084501,0.09649942022744971,0.30991122526924586,0.05799277581576887,0.3198681180730305,0.13092329588366006,0.0
2012-12-14,0.08480516473084501,0.09649942022744971,0.30991122526924586,0.05799277581576887,0.3198681180730305,0.13092329588366006,0.0
2012-12-21,0.08480516473084501,0.09649942022744971,0.30991122526924586,0.05799277581576887,0.3198681180730305,0.13092329588366006,0.0
2012-12-28,0.08384072837342636,0.0983029675733203,0.30617144725914947,0.05714616324359219,0.32251133178480257,0.13202736176570912,0.0
2013-01-04,0.08384072837342636,0.0983029675733203,0.30617144725914947,0.05714616324359219,0.32251133178480257,0.13202736176570912,0.0
2013-01-11,0.08384072837342636,0.0983029675733203,0.30617144725914947,0.05714616324359219,0.32251133178480257,0.13202736176570912,0.0
2013-01-18,0.08384072837342636,0.0983029675733203,0.30617144725914947,0.05714616324359219,0.32251133178480257,0.13202736176570912,0.0
2013-01-25,0.08332172779788291,0.09951933731274909,0.30411116705341357,0.0568894730050452,0.3211150518659491,0.13504324296496018,0.0
2013-02-01,0.08332172779788291,0.09951933731274909,0.30411116705341357,0.0568894730050452,0.3211150518659491,0.13504324296496018,0.0
2013-02-08,0.08332172779788291,0.09951933731274909,0.30411116705341357,0.0568894730050452,0.3211150518659491,0.13504324296496018,0.0
2013-02-15,0.08332172779788291,0.09951933731274909,0.30411116705341357,0.0568894730050452,0.3211150518659491,0.13504324296496018,0.0
2013-02-22,0.08322719481908547,0.10087197062724348,0.31028313386725304,0.05591047090827394,0.3138254765008336,0.13588175327731045,0.0
2013-03-01,0.08322719481908547,0.10087197062724348,0.31028313386725304,0.05591047090827394,0.3138254765008336,0.13588175327731045,0.0
2013-03-08,0.08322719481908547,0.10087197062724348,0.31028313386725304,0.05591047090827394,0.3138254765008336,0.13588175327731045,0.0
2013-03-15,0.08322719481908547,0.10087197062724348,0.31028313386725304,0.05591047090827394,0.3138254765008336,0.13588175327731045,0.0
2013-03-22,0.08322719481908547,0.10087197062724348,0.31028313386725304,0.05591047090827394,0.3138254765008336,0.13588175327731045,0.0
2013-03-29,0.0713477000412094,0.13191504683757108,0.1700016360958448,0.09436780000119999,0.35511852130072036,0.1772492957234544,0.0
2013-04-05,0.0713477000412094,0.13191504683757108,0.1700016360958448,0.09436780000119999,0.35511852130072036,0.1772492957234544,0.0
2013-04-12,0.0713477000412094,0.13191504683757108,0.1700016360958448,0.09436780000119999,0.35511852130072036,0.1772492957234544,0.0
2013-04-19,0.0713477000412094,0.13191504683757108,0.1700016360958448,0.09436780000119999,0.35511852130072036,0.1772492957234544,0.0
2013-04-26,0.10640688071365816,0.1568868404506753,0.17673086369865068,0.15997541513701585,0.25752159860628127,0.14247840139371878,0.0
2013-05-03,0.10640688071365816,0.1568868404506753,0.17673086369865068,0.15997541513701585,0.25752159860628127,0.14247840139371878,0.0
2013-05-10,0.10640688071365816,0.1568868404506753,0.17673086369865068,0.15997541513701585,0.25752159860628127,0.14247840139371878,0.0
2013-05-17,0.10640688071365816,0.1568868404506753,0.17673086369865068,0.15997541513701585,0.25752159860628127,0.14247840139371878,0.0
2013-05-24,0.10640688071365816,0.1568868404506753,0.17673086369865068,0.15997541513701585,0.25752159860628127,0.14247840139371878,0.0
2013-05-31,0.10607131341842388,0.16164571742276806,0.17454766982904146,0.1577352993297666,0.25885485029905975,0.1411451497009403,0.0
2013-06-07,0.10607131341842388,0.16164571742276806,0.17454766982904146,0.1577352993297666,0.25885485029905975,0.1411451497009403,0.0
2013-06-14,0.10607131341842388,0.16164571742276806,0.17454766982904146,0.1577352993297666,0.25885485029905975,0.1411451497009403,0.0
2013-06-21,0.10607131341842388,0.16164571742276806,0.17454766982904146,0.1577352993297666,0.25885485029905975,0.1411451497009403,0.0
2013-06-28,0.09632371636468978,0.10776884896568287,0.31081580109548607,0.061623083331715824,0.28565983854950605,0.13780871169291944,0.0
2013-07-05,0.09632371636468978,0.10776884896568287,0.31081580109548607,0.061623083331715824,0.28565983854950605,0.13780871169291944,0.0
2013-07-12,0.09632371636468978,0.10776884896568287,0.31081580109548607,0.061623083331715824,0.28565983854950605,0.13780871169291944,0.0
2013-07-19,0.09632371636468978,0.10776884896568287,0.31081580109548607,0.061623083331715824,0.28565983854950605,0.13780871169291944,0.0
2013-07-26,0.11270498944982887,0.14279232581767454,0.17220221902399555,0.172300465708501,0.25139827132066705,0.14860172867933294,0.0
2013-08-02,0.11270498944982887,0.14279232581767454,0.17220221902399555,0.172300465708501,0.25139827132066705,0.14860172867933294,0.0
2013-08-09,0.11270498944982887,0.14279232581767454,0.17220221902399555,0.172300465708501,0.25139827132066705,0.14860172867933294,0.0
2013-08-16,0.11270498944982887,0.14279232581767454,0.17220221902399555,0.172300465708501,0.25139827132066705,0.14860172867933294,0.0
2013-08-23,0.11270498944982887,0.14279232581767454,0.17220221902399555,0.172300465708501,0.25139827132066705,0.14860172867933294,0.0
2013-08-30,0.09312337425010567,0.12533136513397142,0.18773868438738736,0.128871351641293,0.29728214022799815,0.16765308435924442,0.0
2013-09-06,0.09312337425010567,0.12533136513397142,0.18773868438738736,0.128871351641293,0.29728214022799815,0.16765308435924442,0.0
2013-09-13,0.09312337425010567,0.12533136513397142,0.18773868438738736,0.128871351641293,0.29728214022799815,0.16765308435924442,0.0
2013-09-20,0.09312337425010567,0.12533136513397142,0.18773868438738736,0.128871351641293,0.29728214022799815,0.16765308435924442,0.0
2013-09-27,0.09275071321743367,0.1240002061526517,0.18714698891480624,0.12951772896313868,0.299332401534568,0.16725196121740168,0.0
2013-10-04,0.09275071321743367,0.1240002061526517,0.18714698891480624,0.12951772896313868,0.299332401534568,0.16725196121740168,0.0
2013-10-11,0.09275071321743367,0.1240002061526517,0.18714698891480624,0.12951772896313868,0.299332401534568,0.16725196121740168,0.0
2013-10-18,0.09275071321743367,0.1240002061526517,0.18714698891480624,0.12951772896313868,0.299332401534568,0.16725196121740168,0.0
2013-10-25,0.11317331232784235,0.13563204042198873,0.16922013106042796,0.18197451618974095,0.25660380117429454,0.14339619882570542,1.1102230246251565e-16
2013-11-01,0.11317331232784235,0.13563204042198873,0.16922013106042796,0.18197451618974095,0.25660380117429454,0.14339619882570542,1.1102230246251565e-16
2013-11-08,0.11317331232784235,0.13563204042198873,0.16922013106042796,0.18197451618974095,0.25660380117429454,0.14339619882570542,1.1102230246251565e-16
2013-11-15,0.11317331232784235,0.13563204042198873,0.16922013106042796,0.18197451618974095,0.25660380117429454,0.14339619882570542,1.1102230246251565e-16
2013-11-22,0.11317331232784235,0.13563204042198873,0.16922013106042796,0.18197451618974095,0.25660380117429454,0.14339619882570542,1.1102230246251565e-16
2013-11-29,0.11345607550098717,0.13612080140008248,0.16768776952372325,0.18273535357520707,0.2555665793994627,0.14443342060053732,0.0
2013-12-06,0.11345607550098717,0.13612080140008248,0.16768776952372325,0.18273535357520707,0.2555665793994627,0.14443342060053732,0.0
2013-12-13,0.11345607550098717,0.13612080140008248,0.16768776952372325,0.18273535357520707,0.2555665793994627,0.14443342060053732,0.0
2013-12-20,0.11345607550098717,0.13612080140008248,0.16768776952372325,0.18273535357520707,0.2555665793994627,0.14443342060053732,0.0
2013-12-27,0.1145563117237107,0.134979837543175,0.16701439153673442,0.18344945919637992,0.26126630822918573,0.13873369177081427,0.0
2014-01-03,0.1145563117237107,0.134979837543175,0.16701439153673442,0.18344945919637992,0.26126630822918573,0.13873369177081427,0.0
2014-01-10,0.1145563117237107,0.134979837543175,0.16701439153673442,0.18344945919637992,0.26126630822918573,0.13873369177081427,0.0
2014-01-17,0.1145563117237107,0.134979837543175,0.16701439153673442,0.18344945919637992,0.26126630822918573,0.13873369177081427,0.0
2014-01-24,0.1145563117237107,0.134979837543175,0.16701439153673442,0.18344945919637992,0.26126630822918573,0.13873369177081427,0.0
2014-01-31,0.11360280281328598,0.13592250015019589,0.1653035999366845,0.18517109709983362,0.26199222716222215,0.13800777283777785,0.0
2014-02-07,0.11360280281328598,0.13592250015019589,0.1653035999366845,0.18517109709983362,0.26199222716222215,0.13800777283777785,0.0
2014-02-14,0.11360280281328598,0.13592250015019589,0.1653035999366845,0.18517109709983362,0.26199222716222215,0.13800777283777785,0.0
2014-02-21,0.11360280281328598,0.13592250015019589,0.1653035999366845,0.18517109709983362,0.26199222716222215,0.13800777283777785,0.0
2014-02-28,0.11344301535316788,0.13744205199546253,0.16353895830079998,0.18557597435056963,0.26358421755740075,0.13641578244259928,0.0
2014-03-07,0.11344301535316788,0.13744205199546253,0.16353895830079998,0.18557597435056963,0.26358421755740075,0.13641578244259928,0.0
2014-03-14,0.11344301535316788,0.13744205199546253,0.16353895830079998,0.18557597435056963,0.26358421755740075,0.13641578244259928,0.0
2014-03-21,0.11344301535316788,0.13744205199546253,0.16353895830079998,0.18557597435056963,0.26358421755740075,0.13641578244259928,0.0
2014-03-28,0.11282536219301886,0.13967290320654316,0.16205888251560577,0.18544285208483213,0.2603558955412792,0.13964410445872089,0.0
2014-04-04,0.11282536219301886,0.13967290320654316,0.16205888251560577,0.18544285208483213,0.2603558955412792,0.13964410445872089,0.0
2014-04-11,0.11282536219301886,0.13967290320654316,0.16205888251560577,0.18544285208483213,0.2603558955412792,0.13964410445872089,0.0
2014-04-18,0.11282536219301886,0.13967290320654316,0.16205888251560577,0.18544285208483213,0.2603558955412792,0.13964410445872089,0.0
2014-04-25,0.10526797232274183,0.13364674493119547,0.13921857609625374,0.19186670664980893,0.27806481409089334,0.15193518590910662,0.0
2014-05-02,0.10526797232274183,0.13364674493119547,0.13921857609625374,0.19186670664980893,0.27806481409089334,0.15193518590910662,0.0
2014-05-09,0.10526797232274183,0.13364674493119547,0.13921857609625374,0.19186670664980893,0.27806481409089334,0.15193518590910662,0.0
2014-05-16,0.10526797232274183,0.13364674493119547,0.13921857609625374,0.19186670664980893,0.27806481409089334,0.15193518590910662,0.0
2014-05-23,0.10526797232274183,0.13364674493119547,0.13921857609625374,0.19186670664980893,0.27806481409089334,0.15193518590910662,0.0
2014-05-30,0.11865998784997941,0.1720708689985127,0.14841218552363003,0.22085695762787796,0.2185417530792327,0.12145824692076727,0.0
2014-06-06,0.11865998784997941,0.1720708689985127,0.14841218552363003,0.22085695762787796,0.2185417530792327,0.12145824692076727,0.0
2014-06-13,0.11865998784997941,0.1720708689985127,0.14841218552363003,0.22085695762787796,0.2185417530792327,0.12145824692076727,0.0
2014-06-20,0.11865998784997941,0.1720708689985127,0.14841218552363003,0.22085695762787796,0.2185417530792327,0.12145824692076727,0.0
2014-06-27,0.09652550527707811,0.13134207931270395,0.17049417069362452,0.1291251450934842,0.299169860055011,0.17334323956809825,0.0
2014-07-04,0.09652550527707811,0.13134207931270395,0.17049417069362452,0.1291251450934842,0.299169860055011,0.17334323956809825,0.0
2014-07-11,0.09652550527707811,0.13134207931270395,0.17049417069362452,0.1291251450934842,0.299169860055011,0.17334323956809825,0.0
2014-07-18,0.09652550527707811,0.13134207931270395,0.17049417069362452,0.1291251450934842,0.299169860055011,0.17334323956809825,0.0
2014-07-25,0.10244475332428267,0.13741877954899087,0.16985866044652773,0.134045738445767,0.2700833074879185,0.18614876074651324,0.0
2014-08-01,0.10244475332428267,0.13741877954899087,0.16985866044652773,0.134045738445767,0.2700833074879185,0.18614876074651324,0.0
2014-08-08,0.10244475332428267,0.13741877954899087,0.16985866044652773,0.134045738445767,0.2700833074879185,0.18614876074651324,0.0
2014-08-15,0.10244475332428267,0.13741877954899087,0.16985866044652773,0.134045738445767,0.2700833074879185,0.18614876074651324,0.0
2014-08-22,0.10244475332428267,0.13741877954899087,0.16985866044652773,0.134045738445767,0.2700833074879185,0.18614876074651324,0.0
2014-08-29,0.09105210247556862,0.1328424245839249,0.1500705093689862,0.1294764607428326,0.3104283380153304,0.18613016481335734,0.0
2014-09-05,0.09105210247556862,0.1328424245839249,0.1500705093689862,0.1294764607428326,0.3104283380153304,0.18613016481335734,0.0
2014-09-12,0.09105210247556862,0.1328424245839249,0.1500705093689862,0.1294764607428326,0.3104283380153304,0.18613016481335734,0.0
2014-09-19,0.09105210247556862,0.1328424245839249,0.1500705093689862,0.1294764607428326,0.3104283380153304,0.18613016481335734,0.0
2014-09-26,0.10270907006745927,0.10650065039775333,0.1791900805242675,0.11941003028262528,0.3413102636882488,0.1508799050396458,0.0
2014-10-03,0.10270907006745927,0.10650065039775333,0.1791900805242675,0.11941003028262528,0.3413102636882488,0.1508799050396458,0.0
2014-10-10,0.10270907006745927,0.10650065039775333,0.1791900805242675,0.11941003028262528,0.3413102636882488,0.1508799050396458,0.0
2014-10-17,0.10270907006745927,0.10650065039775333,0.1791900805242675,0.11941003028262528,0.3413102636882488,0.1508799050396458,0.0
2014-10-24,0.10270907006745927,0.10650065039775333,0.1791900805242675,0.11941003028262528,0.3413102636882488,0.1508799050396458,0.0
2014-10-31,0.11876283151916205,0.11362786289535433,0.15239127624166363,0.18521802934382,0.3104976938163727,0.11950230618362734,0.0
2014-11-07,0.11876283151916205,0.11362786289535433,0.15239127624166363,0.18521802934382,0.3104976938163727,0.11950230618362734,0.0
2014-11-14,0.11876283151916205,0.11362786289535433,0.15239127624166363,0.18521802934382,0.3104976938163727,0.11950230618362734,0.0
2014-11-21,0.11876283151916205,0.11362786289535433,0.15239127624166363,0.18521802934382,0.3104976938163727,0.11950230618362734,0.0
2014-11-28,0.1309516405776955,0.13558992898282882,0.18296812779011057,0.15049030264936508,0.2537678789638373,0.14623212103616273,0.0
2014-12-05,0.1309516405776955,0.13558992898282882,0.18296812779011057,0.15049030264936508,0.2537678789638373,0.14623212103616273,0.0
2014-12-12,0.1309516405776955,0.13558992898282882,0.18296812779011057,0.15049030264936508,0.2537678789638373,0.14623212103616273,0.0
2014-12-19,0.1309516405776955,0.13558992898282882,0.18296812779011057,0.15049030264936508,0.2537678789638373,0.14623212103616273,0.0
2014-12-26,0.0887467183513832,0.09144227774109139,0.15538251770059044,0.07197884666096112,0.3771130845150117,0.2153365550309622,0.0
2015-01-02,0.0887467183513832,0.09144227774109139,0.15538251770059044,0.07197884666096112,0.3771130845150117,0.2153365550309622,0.0
2015-01-09,0.0887467183513832,0.09144227774109139,0.15538251770059044,0.07197884666096112,0.3771130845150117,0.2153365550309622,0.0
2015-01-16,0.0887467183513832,0.09144227774109139,0.15538251770059044,0.07197884666096112,0.3771130845150117,0.2153365550309622,0.0
2015-01-23,0.0887467183513832,0.09144227774109139,0.15538251770059044,0.07197884666096112,0.3771130845150117,0.2153365550309622,0.0
2015-01-30,0.12166001026237631,0.12935496974171842,0.15673554142924992,0.16224947856665534,0.270540919523409,0.15945908047659105,0.0
2015-02-06,0.12166001026237631,0.12935496974171842,0.15673554142924992,0.16224947856665534,0.270540919523409,0.15945908047659105,0.0
2015-02-13,0.12166001026237631,0.12935496974171842,0.15673554142924992,0.16224947856665534,0.270540919523409,0.15945908047659105,0.0
2015-02-20,0.12166001026237631,0.12935496974171842,0.15673554142924992,0.16224947856665534,0.270540919523409,0.15945908047659105,0.0
2015-02-27,0.13332528551531972,0.16707399163840075,0.16503856347172804,0.1945621593745515,0.20946891470591456,0.13053108529408544,0.0
2015-03-06,0.13332528551531972,0.16707399163840075,0.16503856347172804,0.1945621593745515,0.20946891470591456,0.13053108529408544,0.0
2015-03-13,0.13332528551531972,0.16707399163840075,0.16503856347172804,0.1945621593745515,0.20946891470591456,0.13053108529408544,0.0
2015-03-20,0.13332528551531972,0.16707399163840075,0.16503856347172804,0.1945621593745515,0.20946891470591456,0.13053108529408544,0.0
2015-03-27,0.13373903579467375,0.13278543361676057,0.18485710493474522,0.1486184256538205,0.2465281181100017,0.15347188188999838,0.0
2015-04-03,0.13373903579467375,0.13278543361676057,0.18485710493474522,0.1486184256538205,0.2465281181100017,0.15347188188999838,0.0
2015-04-10,0.13373903579467375,0.13278543361676057,0.18485710493474522,0.1486184256538205,0.2465281181100017,0.15347188188999838,0.0
2015-04-17,0.13373903579467375,0.13278543361676057,0.18485710493474522,0.1486184256538205,0.2465281181100017,0.15347188188999838,0.0
2015-04-24,0.12225616297313283,0.12698742220558717,0.157988885772526,0.16276752904875402,0.26073699824828084,0.16926300175171918,0.0
2015-05-01,0.12225616297313283,0.12698742220558717,0.157988885772526,0.16276752904875402,0.26073699824828084,0.16926300175171918,0.0
2015-05-08,0.12225616297313283,0.12698742220558717,0.157988885772526,0.16276752904875402,0.26073699824828084,0.16926300175171918,0.0
2015-05-15,0.12225616297313283,0.12698742220558717,0.157988885772526,0.16276752904875402,0.26073699824828084,0.16926300175171918,0.0
2015-05-22,0.12225616297313283,0.12698742220558717,0.157988885772526,0.16276752904875402,0.26073699824828084,0.16926300175171918,0.0
2015-05-29,0.10532166613187223,0.12047160254167251,0.2307370812809348,0.1434696500455205,0.29556246223641475,0.10443753776358529,0.0
2015-06-05,0.10532166613187223,0.12047160254167251,0.2307370812809348,0.1434696500455205,0.29556246223641475,0.10443753776358529,0.0
2015-06-12,0.10532166613187223,0.12047160254167251,0.2307370812809348,0.1434696500455205,0.29556246223641475,0.10443753776358529,0.0
2015-06-19,0.10532166613187223,0.12047160254167251,0.2307370812809348,0.1434696500455205,0.29556246223641475,0.10443753776358529,0.0
2015-06-26,0.08543724256029037,0.10778583022161,0.2740147344196253,0.08686240775451164,0.3248866010203595,0.1210131840236032,0.0
2015-07-03,0.08543724256029037,0.10778583022161,0.2740147344196253,0.08686240775451164,0.3248866010203595,0.1210131840236032,0.0
2015-07-10,0.08543724256029037,0.10778583022161,0.2740147344196253,0.08686240775451164,0.3248866010203595,0.1210131840236032,0.0
2015-07-17,0.08543724256029037,0.10778583022161,0.2740147344196253,0.08686240775451164,0.3248866010203595,0.1210131840236032,0.0
2015-07-24,0.08543724256029037,0.10778583022161,0.2740147344196253,0.08686240775451164,0.3248866010203595,0.1210131840236032,0.0
2015-07-31,0.09079088299142905,0.10222192110408004,0.15642519744543174,0.08399704815639672,0.32777709765869334,0.2387878526439691,0.0
2015-08-07,0.09079088299142905,0.10222192110408004,0.15642519744543174,0.08399704815639672,0.32777709765869334,0.2387878526439691,0.0
2015-08-14,0.09079088299142905,0.10222192110408004,0.15642519744543174,0.08399704815639672,0.32777709765869334,0.2387878526439691,0.0
2015-08-21,0.09079088299142905,0.10222192110408004,0.15642519744543174,0.08399704815639672,0.32777709765869334,0.2387878526439691,0.0
2015-08-28,0.09901154355117495,0.07014312117908449,0.17832304541727378,0.061298129808817756,0.36242944800599,0.22879471203765914,0.0
2015-09-04,0.09901154355117495,0.07014312117908449,0.17832304541727378,0.061298129808817756,0.36242944800599,0.22879471203765914,0.0
2015-09-11,0.09901154355117495,0.07014312117908449,0.17832304541727378,0.061298129808817756,0.36242944800599,0.22879471203765914,0.0
2015-09-18,0.09901154355117495,0.07014312117908449,0.17832304541727378,0.061298129808817756,0.36242944800599,0.22879471203765914,0.0
2015-09-25,0.09970376580066403,0.07137824308728681,0.1785549245364835,0.06449221884687922,0.35044055047230155,0.23543029725638495,0.0
2015-10-02,0.09970376580066403,0.07137824308728681,0.1785549245364835,0.06449221884687922,0.35044055047230155,0.23543029725638495,0.0
2015-10-09,0.09970376580066403,0.07137824308728681,0.1785549245364835,0.06449221884687922,0.35044055047230155,0.23543029725638495,0.0
2015-10-16,0.09970376580066403,0.07137824308728681,0.1785549245364835,0.06449221884687922,0.35044055047230155,0.23543029725638495,0.0
2015-10-23,0.09970376580066403,0.07137824308728681,0.1785549245364835,0.06449221884687922,0.35044055047230155,0.23543029725638495,0.0
2015-10-30,0.1110377818710432,0.08012306359159264,0.19326269735619997,0.06974421511725522,0.31979515239508155,0.2260370896688274,0.0
2015-11-06,0.1110377818710432,0.08012306359159264,0.19326269735619997,0.06974421511725522,0.31979515239508155,0.2260370896688274,0.0
2015-11-13,0.1110377818710432,0.08012306359159264,0.19326269735619997,0.06974421511725522,0.31979515239508155,0.2260370896688274,0.0
2015-11-20,0.1110377818710432,0.08012306359159264,0.19326269735619997,0.06974421511725522,0.31979515239508155,0.2260370896688274,0.0
2015-11-27,0.11133130159065563,0.0823439847954834,0.1980453315837104,0.06906926589888944,0.32313320883981966,0.21607690729144147,0.0
2015-12-04,0.11133130159065563,0.0823439847954834,0.1980453315837104,0.06906926589888944,0.32313320883981966,0.21607690729144147,0.0
2015-12-11,0.11133130159065563,0.0823439847954834,0.1980453315837104,0.06906926589888944,0.32313320883981966,0.21607690729144147,0.0
2015-12-18,0.11133130159065563,0.0823439847954834,0.1980453315837104,0.06906926589888944,0.32313320883981966,0.21607690729144147,0.0
2015-12-25,0.1031091087206672,0.14764543493978677,0.17837475166372077,0.07845569123848395,0.3493228214877158,0.14309219194962552,0.0
2016-01-01,0.1031091087206672,0.14764543493978677,0.17837475166372077,0.07845569123848395,0.3493228214877158,0.14309219194962552,0.0
2016-01-08,0.1031091087206672,0.14764543493978677,0.17837475166372077,0.07845569123848395,0.3493228214877158,0.14309219194962552,0.0
2016-01-15,0.1031091087206672,0.14764543493978677,0.17837475166372077,0.07845569123848395,0.3493228214877158,0.14309219194962552,0.0
2016-01-22,0.1031091087206672,0.14764543493978677,0.17837475166372077,0.07845569123848395,0.3493228214877158,0.14309219194962552,0.0
2016-01-29,0.16413430313222616,0.06643824303909979,0.21878116355703933,0.06051508449747458,0.21387894320362147,0.2762522625705387,0.0
2016-02-05,0.16413430313222616,0.06643824303909979,0.21878116355703933,0.06051508449747458,0.21387894320362147,0.2762522625705387,0.0
2016-02-12,0.16413430313222616,0.06643824303909979,0.21878116355703933,0.06051508449747458,0.21387894320362147,0.2762522625705387,0.0
2016-02-19,0.16413430313222616,0.06643824303909979,0.21878116355703933,0.06051508449747458,0.21387894320362147,0.2762522625705387,0.0
2016-02-26,0.09846304285709,0.07327538869772474,0.21830845645701408,0.11964036691167829,0.21359765160867714,0.2767150934678157,0.0
2016-03-04,0.09846304285709,0.07327538869772474,0.21830845645701408,0.11964036691167829,0.21359765160867714,0.2767150934678157,0.0
2016-03-11,0.09846304285709,0.07327538869772474,0.21830845645701408,0.11964036691167829,0.21359765160867714,0.2767150934678157,0.0
2016-03-18,0.09846304285709,0.07327538869772474,0.21830845645701408,0.11964036691167829,0.21359765160867714,0.2767150934678157,0.0
2016-03-25,0.10685387296718823,0.07908238068637724,0.23265267825660865,0.12761518995540166,0.19619565659090574,0.25760022154351847,0.0
2016-04-01,0.10685387296718823,0.07908238068637724,0.23265267825660865,0.12761518995540166,0.19619565659090574,0.25760022154351847,0.0
2016-04-08,0.10685387296718823,0.07908238068637724,0.23265267825660865,0.12761518995540166,0.19619565659090574,0.25760022154351847,0.0
2016-04-15,0.10685387296718823,0.07908238068637724,0.23265267825660865,0.12761518995540166,0.19619565659090574,0.25760022154351847,0.0
2016-04-22,0.10685387296718823,0.07908238068637724,0.23265267825660865,0.12761518995540166,0.19619565659090574,0.25760022154351847,0.0
2016-04-29,0.09943079658478551,0.08807624964924032,0.22289762134171248,0.1595953324242616,0.2109794621344786,0.2190205378655214,0.0
2016-05-06,0.09943079658478551,0.08807624964924032,0.22289762134171248,0.1595953324242616,0.2109794621344786,0.2190205378655214,0.0
2016-05-13,0.09943079658478551,0.08807624964924032,0.22289762134171248,0.1595953324242616,0.2109794621344786,0.2190205378655214,0.0
2016-05-20,0.09943079658478551,0.08807624964924032,0.22289762134171248,0.1595953324242616,0.2109794621344786,0.2190205378655214,0.0
2016-05-27,0.11364282809006188,0.12930888301370752,0.22761821304537494,0.18943007585085575,0.16341607556985144,0.17658392443014856,0.0
2016-06-03,0.11364282809006188,0.12930888301370752,0.22761821304537494,0.18943007585085575,0.16341607556985144,0.17658392443014856,0.0
2016-06-10,0.11364282809006188,0.12930888301370752,0.22761821304537494,0.18943007585085575,0.16341607556985144,0.17658392443014856,0.0
2016-06-17,0.11364282809006188,0.12930888301370752,0.22761821304537494,0.18943007585085575,0.16341607556985144,0.17658392443014856,0.0
2016-06-24,0.10933182065402705,0.09306662593780997,0.2551962838290402,0.14240526957912278,0.1918255954856919,0.2081744045143081,0.0
2016-07-01,0.10933182065402705,0.09306662593780997,0.2551962838290402,0.14240526957912278,0.1918255954856919,0.2081744045143081,0.0
2016-07-08,0.10933182065402705,0.09306662593780997,0.2551962838290402,0.14240526957912278,0.1918255954856919,0.2081744045143081,0.0
2016-07-15,0.10933182065402705,0.09306662593780997,0.2551962838290402,0.14240526957912278,0.1918255954856919,0.2081744045143081,0.0
2016-07-22,0.10933182065402705,0.09306662593780997,0.2551962838290402,0.14240526957912278,0.1918255954856919,0.2081744045143081,0.0
2016-07-29,0.08883525304488088,0.06794133258079313,0.2972807556123546,0.08288920020132749,0.21863847847986534,0.2444149800807785,0.0
2016-08-05,0.08883525304488088,0.06794133258079313,0.2972807556123546,0.08288920020132749,0.21863847847986534,0.2444149800807785,0.0
2016-08-12,0.08883525304488088,0.06794133258079313,0.2972807556123546,0.08288920020132749,0.21863847847986534,0.2444149800807785,0.0
2016-08-19,0.08883525304488088,0.06794133258079313,0.2972807556123546,0.08288920020132749,0.21863847847986534,0.2444149800807785,0.0
2016-08-26,0.08912403515426162,0.06929236757701598,0.2962097963012404,0.08205686047511619,0.21318169836485776,0.25013524212750804,0.0
2016-09-02,0.08912403515426162,0.06929236757701598,0.2962097963012404,0.08205686047511619,0.21318169836485776,0.25013524212750804,0.0
2016-09-09,0.08912403515426162,0.06929236757701598,0.2962097963012404,0.08205686047511619,0.21318169836485776,0.25013524212750804,0.0
2016-09-16,0.08912403515426162,0.06929236757701598,0.2962097963012404,0.08205686047511619,0.21318169836485776,0.25013524212750804,0.0
2016-09-23,0.08912403515426162,0.06929236757701598,0.2962097963012404,0.08205686047511619,0.21318169836485776,0.25013524212750804,0.0
2016-09-30,0.11015781181944423,0.16058878274955668,0.18689794677097965,0.07862594433160874,0.2032310359736756,0.2604984783547351,0.0
2016-10-07,0.11015781181944423,0.16058878274955668,0.18689794677097965,0.07862594433160874,0.2032310359736756,0.2604984783547351,0.0
2016-10-14,0.11015781181944423,0.16058878274955668,0.18689794677097965,0.07862594433160874,0.2032310359736756,0.2604984783547351,0.0
2016-10-21,0.11015781181944423,0.16058878274955668,0.18689794677097965,0.07862594433160874,0.2032310359736756,0.2604984783547351,0.0
2016-10-28,0.11554880736490238,0.08572832355044675,0.1964391081995382,0.05803346996110262,0.2942196050754201,0.25003068584859006,0.0
2016-11-04,0.11554880736490238,0.08572832355044675,0.1964391081995382,0.05803346996110262,0.2942196050754201,0.25003068584859006,0.0
2016-11-11,0.11554880736490238,0.08572832355044675,0.1964391081995382,0.05803346996110262,0.2942196050754201,0.25003068584859006,0.0
2016-11-18,0.11554880736490238,0.08572832355044675,0.1964391081995382,0.05803346996110262,0.2942196050754201,0.25003068584859006,0.0
2016-11-25,0.1382793381638086,0.13415610464166194,0.18420181620189807,0.14336274099263144,0.2073678458453121,0.1926321541546879,0.0
2016-12-02,0.1382793381638086,0.13415610464166194,0.18420181620189807,0.14336274099263144,0.2073678458453121,0.1926321541546879,0.0
2016-12-09,0.1382793381638086,0.13415610464166194,0.18420181620189807,0.14336274099263144,0.2073678458453121,0.1926321541546879,0.0
2016-12-16,0.1382793381638086,0.13415610464166194,0.18420181620189807,0.14336274099263144,0.2073678458453121,0.1926321541546879,0.0
2016-12-23,0.1382793381638086,0.13415610464166194,0.18420181620189807,0.14336274099263144,0.2073678458453121,0.1926321541546879,0.0
2016-12-30,0.10867251627938408,0.1011504822280408,0.17690638105311693,0.0662946566625493,0.27939584655873284,0.26758011721817604,0.0
2017-01-06,0.10867251627938408,0.1011504822280408,0.17690638105311693,0.0662946566625493,0.27939584655873284,0.26758011721817604,0.0
2017-01-13,0.10867251627938408,0.1011504822280408,0.17690638105311693,0.0662946566625493,0.27939584655873284,0.26758011721817604,0.0
2017-01-20,0.10867251627938408,0.1011504822280408,0.17690638105311693,0.0662946566625493,0.27939584655873284,0.26758011721817604,0.0
2017-01-27,0.10920198094663137,0.10112847246219504,0.1768642300323035,0.06509727720596738,0.2763034695618148,0.2714045697910879,0.0
2017-02-03,0.10920198094663137,0.10112847246219504,0.1768642300323035,0.06509727720596738,0.2763034695618148,0.2714045697910879,0.0
2017-02-10,0.10920198094663137,0.10112847246219504,0.1768642300323035,0.06509727720596738,0.2763034695618148,0.2714045697910879,0.0
2017-02-17,0.10920198094663137,0.10112847246219504,0.1768642300323035,0.06509727720596738,0.2763034695618148,0.2714045697910879,0.0
2017-02-24,0.10879951541823925,0.10238348081095001,0.17704822519988309,0.06547893223921268,0.2748864707199392,0.27140337561177574,0.0
2017-03-03,0.10879951541823925,0.10238348081095001,0.17704822519988309,0.06547893223921268,0.2748864707199392,0.27140337561177574,0.0
2017-03-10,0.10879951541823925,0.10238348081095001,0.17704822519988309,0.06547893223921268,0.2748864707199392,0.27140337561177574,0.0
2017-03-17,0.10879951541823925,0.10238348081095001,0.17704822519988309,0.06547893223921268,0.2748864707199392,0.27140337561177574,0.0
2017-03-24,0.10879951541823925,0.10238348081095001,0.17704822519988309,0.06547893223921268,0.2748864707199392,0.27140337561177574,0.0
2017-03-31,0.11081115956426457,0.10583399528368079,0.17827293903055869,0.0668470592282405,0.2714554977308449,0.2667793491624106,0.0
2017-04-07,0.11081115956426457,0.10583399528368079,0.17827293903055869,0.0668470592282405,0.2714554977308449,0.2667793491624106,0.0
2017-04-14,0.11081115956426457,0.10583399528368079,0.17827293903055869,0.0668470592282405,0.2714554977308449,0.2667793491624106,0.0
2017-04-21,0.11081115956426457,0.10583399528368079,0.17827293903055869,0.0668470592282405,0.2714554977308449,0.2667793491624106,0.0
2017-04-28,0.11175852942491868,0.10551318549530937,0.17940855294842548,0.06745701938424005,0.2700354993994098,0.2658272133476966,0.0
2017-05-05,0.11175852942491868,0.10551318549530937,0.17940855294842548,0.06745701938424005,0.2700354993994098,0.2658272133476966,0.0
2017-05-12,0.11175852942491868,0.10551318549530937,0.17940855294842548,0.06745701938424005,0.2700354993994098,0.2658272133476966,0.0
2017-05-19,0.11175852942491868,0.10551318549530937,0.17940855294842548,0.06745701938424005,0.2700354993994098,0.2658272133476966,0.0
2017-05-26,0.111934129907294,0.10529553585450398,0.17737179273247466,0.06757753278040331,0.27102739786239055,0.26679361086293346,0.0
2017-06-02,0.111934129907294,0.10529553585450398,0.17737179273247466,0.06757753278040331,0.27102739786239055,0.26679361086293346,0.0
2017-06-09,0.111934129907294,0.10529553585450398,0.17737179273247466,0.06757753278040331,0.27102739786239055,0.26679361086293346,0.0
2017-06-16,0.111934129907294,0.10529553585450398,0.17737179273247466,0.06757753278040331,0.27102739786239055,0.26679361086293346,0.0
2017-06-23,0.111934129907294,0.10529553585450398,0.17737179273247466,0.06757753278040331,0.27102739786239055,0.26679361086293346,0.0
2017-06-30,0.11221799240684698,0.10388980943012449,0.17649469768687534,0.06686411702721498,0.27467229915291125,0.265861084296027,0.0
2017-07-07,0.11221799240684698,0.10388980943012449,0.17649469768687534,0.06686411702721498,0.27467229915291125,0.265861084296027,0.0
2017-07-14,0.11221799240684698,0.10388980943012449,0.17649469768687534,0.06686411702721498,0.27467229915291125,0.265861084296027,0.0
2017-07-21,0.11221799240684698,0.10388980943012449,0.17649469768687534,0.06686411702721498,0.27467229915291125,0.265861084296027,0.0
2017-07-28,0.1115087175867048,0.10388240524892614,0.17533710063826943,0.06635413911563293,0.2772676742725255,0.2656499631379412,0.0
2017-08-04,0.1115087175867048,0.10388240524892614,0.17533710063826943,0.06635413911563293,0.2772676742725255,0.2656499631379412,0.0
2017-08-11,0.1115087175867048,0.10388240524892614,0.17533710063826943,0.06635413911563293,0.2772676742725255,0.2656499631379412,0.0
2017-08-18,0.1115087175867048,0.10388240524892614,0.17533710063826943,0.06635413911563293,0.2772676742725255,0.2656499631379412,0.0
2017-08-25,0.13472757696512033,0.10525161373702534,0.23904853655330416,0.12097227274455015,0.15220886760342137,0.24779113239657866,0.0
2017-09-01,0.13472757696512033,0.10525161373702534,0.23904853655330416,0.12097227274455015,0.15220886760342137,0.24779113239657866,0.0
2017-09-08,0.13472757696512033,0.10525161373702534,0.23904853655330416,0.12097227274455015,0.15220886760342137,0.24779113239657866,0.0
2017-09-15,0.13472757696512033,0.10525161373702534,0.23904853655330416,0.12097227274455015,0.15220886760342137,0.24779113239657866,0.0
2017-09-22,0.13472757696512033,0.10525161373702534,0.23904853655330416,0.12097227274455015,0.15220886760342137,0.24779113239657866,0.0
2017-09-29,0.12760241376936063,0.08693066660845052,0.29176230990013863,0.05714800763490201,0.16493068014265203,0.2716259219444962,0.0
2017-10-06,0.12760241376936063,0.08693066660845052,0.29176230990013863,0.05714800763490201,0.16493068014265203,0.2716259219444962,0.0
2017-10-13,0.12760241376936063,0.08693066660845052,0.29176230990013863,0.05714800763490201,0.16493068014265203,0.2716259219444962,0.0
2017-10-20,0.12760241376936063,0.08693066660845052,0.29176230990013863,0.05714800763490201,0.16493068014265203,0.2716259219444962,0.0
2017-10-27,0.1337410362836279,0.10838432376966783,0.23578719923864772,0.1220874407080565,0.14947387676034288,0.2505261232396571,2.220446049250313e-16
2017-11-03,0.1337410362836279,0.10838432376966783,0.23578719923864772,0.1220874407080565,0.14947387676034288,0.2505261232396571,2.220446049250313e-16
2017-11-10,0.1337410362836279,0.10838432376966783,0.23578719923864772,0.1220874407080565,0.14947387676034288,0.2505261232396571,2.220446049250313e-16
2017-11-17,0.1337410362836279,0.10838432376966783,0.23578719923864772,0.1220874407080565,0.14947387676034288,0.2505261232396571,2.220446049250313e-16
2017-11-24,0.13451854012428743,0.1076526795054461,0.23632559090416078,0.12150318946610568,0.15045915550754,0.24954084449246008,0.0
2017-12-01,0.13451854012428743,0.1076526795054461,0.23632559090416078,0.12150318946610568,0.15045915550754,0.24954084449246008,0.0
2017-12-08,0.13451854012428743,0.1076526795054461,0.23632559090416078,0.12150318946610568,0.15045915550754,0.24954084449246008,0.0
2017-12-15,0.13451854012428743,0.1076526795054461,0.23632559090416078,0.12150318946610568,0.15045915550754,0.24954084449246008,0.0
2017-12-22,0.13451854012428743,0.1076526795054461,0.23632559090416078,0.12150318946610568,0.15045915550754,0.24954084449246008,0.0
2017-12-29,0.13284014740031314,0.10632978339958724,0.2394208559191543,0.12140921328094531,0.14813951607652875,0.25186048392347127,0.0
2018-01-05,0.13284014740031314,0.10632978339958724,0.2394208559191543,0.12140921328094531,0.14813951607652875,0.25186048392347127,0.0
2018-01-12,0.13284014740031314,0.10632978339958724,0.2394208559191543,0.12140921328094531,0.14813951607652875,0.25186048392347127,0.0
2018-01-19,0.13284014740031314,0.10632978339958724,0.2394208559191543,0.12140921328094531,0.14813951607652875,0.25186048392347127,0.0
2018-01-26,0.12904382917185364,0.10468537733425001,0.2446816857564859,0.12158910773741043,0.15176811734540285,0.2482318826545972,0.0
2018-02-02,0.12904382917185364,0.10468537733425001,0.2446816857564859,0.12158910773741043,0.15176811734540285,0.2482318826545972,0.0
2018-02-09,0.12904382917185364,0.10468537733425001,0.2446816857564859,0.12158910773741043,0.15176811734540285,0.2482318826545972,0.0
2018-02-16,0.12904382917185364,0.10468537733425001,0.2446816857564859,0.12158910773741043,0.15176811734540285,0.2482318826545972,0.0
2018-02-23,0.10173007743061503,0.06951688473557589,0.27756778710209423,0.048030507189698195,0.2138825010056271,0.28927224253638956,0.0
2018-03-02,0.10173007743061503,0.06951688473557589,0.27756778710209423,0.048030507189698195,0.2138825010056271,0.28927224253638956,0.0
2018-03-09,0.10173007743061503,0.06951688473557589,0.27756778710209423,0.048030507189698195,0.2138825010056271,0.28927224253638956,0.0
2018-03-16,0.10173007743061503,0.06951688473557589,0.27756778710209423,0.048030507189698195,0.2138825010056271,0.28927224253638956,0.0
2018-03-23,0.10173007743061503,0.06951688473557589,0.27756778710209423,0.048030507189698195,0.2138825010056271,0.28927224253638956,0.0
2018-03-30,0.09796346026949715,0.06514995887477783,0.2797342021834524,0.04690072094067792,0.22104387687564456,0.2892077808559501,0.0
2018-04-06,0.09796346026949715,0.06514995887477783,0.2797342021834524,0.04690072094067792,0.22104387687564456,0.2892077808559501,0.0
2018-04-13,0.09796346026949715,0.06514995887477783,0.2797342021834524,0.04690072094067792,0.22104387687564456,0.2892077808559501,0.0
2018-04-20,0.09796346026949715,0.06514995887477783,0.2797342021834524,0.04690072094067792,0.22104387687564456,0.2892077808559501,0.0
2018-04-27,0.09751706994004702,0.06459844943708383,0.27822294714653684,0.04606495183911802,0.22910304030034115,0.2844935413368732,0.0
2018-05-04,0.09751706994004702,0.06459844943708383,0.27822294714653684,0.04606495183911802,0.22910304030034115,0.2844935413368732,0.0
2018-05-11,0.09751706994004702,0.06459844943708383,0.27822294714653684,0.04606495183911802,0.22910304030034115,0.2844935413368732,0.0
2018-05-18,0.09751706994004702,0.06459844943708383,0.27822294714653684,0.04606495183911802,0.22910304030034115,0.2844935413368732,0.0
2018-05-25,0.09521764261504351,0.06209970648608819,0.2754807991210927,0.04369782056587251,0.24461952807989704,0.27888450313200613,0.0
2018-06-01,0.09521764261504351,0.06209970648608819,0.2754807991210927,0.04369782056587251,0.24461952807989704,0.27888450313200613,0.0
2018-06-08,0.09521764261504351,0.06209970648608819,0.2754807991210927,0.04369782056587251,0.24461952807989704,0.27888450313200613,0.0
2018-06-15,0.09521764261504351,0.06209970648608819,0.2754807991210927,0.04369782056587251,0.24461952807989704,0.27888450313200613,0.0
2018-06-22,0.09521764261504351,0.06209970648608819,0.2754807991210927,0.04369782056587251,0.24461952807989704,0.27888450313200613,0.0
2018-06-29,0.08710374487450889,0.14799019425642235,0.1970975559310384,0.06544268451717104,0.2501222715082045,0.2522435489126548,0.0
2018-07-06,0.08710374487450889,0.14799019425642235,0.1970975559310384,0.06544268451717104,0.2501222715082045,0.2522435489126548,0.0
2018-07-13,0.08710374487450889,0.14799019425642235,0.1970975559310384,0.06544268451717104,0.2501222715082045,0.2522435489126548,0.0
2018-07-20,0.08710374487450889,0.14799019425642235,0.1970975559310384,0.06544268451717104,0.2501222715082045,0.2522435489126548,0.0
2018-07-27,0.0864598276370216,0.151168754140416,0.19459434186440772,0.0666058440955672,0.24577605840240105,0.2553951738601864,0.0
2018-08-03,0.0864598276370216,0.151168754140416,0.19459434186440772,0.0666058440955672,0.24577605840240105,0.2553951738601864,0.0
2018-08-10,0.0864598276370216,0.151168754140416,0.19459434186440772,0.0666058440955672,0.24577605840240105,0.2553951738601864,0.0
2018-08-17,0.0864598276370216,0.151168754140416,0.19459434186440772,0.0666058440955672,0.24577605840240105,0.2553951738601864,0.0
2018-08-24,0.0864598276370216,0.151168754140416,0.19459434186440772,0.0666058440955672,0.24577605840240105,0.2553951738601864,0.0
2018-08-31,0.09255224592663515,0.09900716703225144,0.22957767205629537,0.14886291498481802,0.19337996644420036,0.23662003355579966,0.0
2018-09-07,0.09255224592663515,0.09900716703225144,0.22957767205629537,0.14886291498481802,0.19337996644420036,0.23662003355579966,0.0
2018-09-14,0.09255224592663515,0.09900716703225144,0.22957767205629537,0.14886291498481802,0.19337996644420036,0.23662003355579966,0.0
2018-09-21,0.09255224592663515,0.09900716703225144,0.22957767205629537,0.14886291498481802,0.19337996644420036,0.23662003355579966,0.0
2018-09-28,0.16935288659772027,0.08234812418934676,0.20464918821209552,0.054519594834593066,0.2328523391493745,0.2562778670168699,0.0
2018-10-05,0.16935288659772027,0.08234812418934676,0.20464918821209552,0.054519594834593066,0.2328523391493745,0.2562778670168699,0.0
2018-10-12,0.16935288659772027,0.08234812418934676,0.20464918821209552,0.054519594834593066,0.2328523391493745,0.2562778670168699,0.0
2018-10-19,0.16935288659772027,0.08234812418934676,0.20464918821209552,0.054519594834593066,0.2328523391493745,0.2562778670168699,0.0
2018-10-26,0.1559958776195273,0.07058928075455302,0.19766552182585612,0.0498821086550769,0.2654586750062025,0.2604085361387841,0.0
2018-11-02,0.1559958776195273,0.07058928075455302,0.19766552182585612,0.0498821086550769,0.2654586750062025,0.2604085361387841,0.0
2018-11-09,0.1559958776195273,0.07058928075455302,0.19766552182585612,0.0498821086550769,0.2654586750062025,0.2604085361387841,0.0
2018-11-16,0.1559958776195273,0.07058928075455302,0.19766552182585612,0.0498821086550769,0.2654586750062025,0.2604085361387841,0.0
2018-11-23,0.1559958776195273,0.07058928075455302,0.19766552182585612,0.0498821086550769,0.2654586750062025,0.2604085361387841,0.0
2018-11-30,0.06314388957228342,0.15786260984773506,0.20213796222232813,0.0463472748508398,0.2715112012771828,0.25899706222963076,0.0
2018-12-07,0.06314388957228342,0.15786260984773506,0.20213796222232813,0.0463472748508398,0.2715112012771828,0.25899706222963076,0.0
2018-12-14,0.06314388957228342,0.15786260984773506,0.20213796222232813,0.0463472748508398,0.2715112012771828,0.25899706222963076,0.0
2018-12-21,0.06314388957228342,0.15786260984773506,0.20213796222232813,0.0463472748508398,0.2715112012771828,0.25899706222963076,0.0
2018-12-28,0.08129715263737913,0.16821027456700888,0.20828260815318878,0.1089178440811948,0.28463335308113036,0.14865876748009807,0.0
2019-01-04,0.08129715263737913,0.16821027456700888,0.20828260815318878,0.1089178440811948,0.28463335308113036,0.14865876748009807,0.0
2019-01-11,0.08129715263737913,0.16821027456700888,0.20828260815318878,0.1089178440811948,0.28463335308113036,0.14865876748009807,0.0
2019-01-18,0.08129715263737913,0.16821027456700888,0.20828260815318878,0.1089178440811948,0.28463335308113036,0.14865876748009807,0.0
2019-01-25,0.08391480041698975,0.17492188519983232,0.19929643844108913,0.10928787756466614,0.284264555466423,0.14831444291099968,0.0
2019-02-01,0.08391480041698975,0.17492188519983232,0.19929643844108913,0.10928787756466614,0.284264555466423,0.14831444291099968,0.0
2019-02-08,0.08391480041698975,0.17492188519983232,0.19929643844108913,0.10928787756466614,0.284264555466423,0.14831444291099968,0.0
2019-02-15,0.08391480041698975,0.17492188519983232,0.19929643844108913,0.10928787756466614,0.284264555466423,0.14831444291099968,0.0
2019-02-22,0.07715816674607207,0.07979087742510593,0.21455762982591167,0.13526486095731047,0.2687393691968141,0.2244890958487858,0.0
2019-03-01,0.07715816674607207,0.07979087742510593,0.21455762982591167,0.13526486095731047,0.2687393691968141,0.2244890958487858,0.0
2019-03-08,0.07715816674607207,0.07979087742510593,0.21455762982591167,0.13526486095731047,0.2687393691968141,0.2244890958487858,0.0
2019-03-15,0.07715816674607207,0.07979087742510593,0.21455762982591167,0.13526486095731047,0.2687393691968141,0.2244890958487858,0.0
2019-03-22,0.07715816674607207,0.07979087742510593,0.21455762982591167,0.13526486095731047,0.2687393691968141,0.2244890958487858,0.0
2019-03-29,0.06962385817727287,0.07279748682625117,0.27941561137682364,0.12202223397217837,0.2866647934655809,0.1694760161818931,0.0
2019-04-05,0.06962385817727287,0.07279748682625117,0.27941561137682364,0.12202223397217837,0.2866647934655809,0.1694760161818931,0.0
2019-04-12,0.06962385817727287,0.07279748682625117,0.27941561137682364,0.12202223397217837,0.2866647934655809,0.1694760161818931,0.0
2019-04-19,0.06962385817727287,0.07279748682625117,0.27941561137682364,0.12202223397217837,0.2866647934655809,0.1694760161818931,0.0
2019-04-26,0.10758830506195263,0.13939468322871043,0.18343444283114282,0.22958256887819417,0.18754563948238775,0.15245436051761227,0.0
2019-05-03,0.10758830506195263,0.13939468322871043,0.18343444283114282,0.22958256887819417,0.18754563948238775,0.15245436051761227,0.0
2019-05-10,0.10758830506195263,0.13939468322871043,0.18343444283114282,0.22958256887819417,0.18754563948238775,0.15245436051761227,0.0
2019-05-17,0.10758830506195263,0.13939468322871043,0.18343444283114282,0.22958256887819417,0.18754563948238775,0.15245436051761227,0.0
2019-05-24,0.10758830506195263,0.13939468322871043,0.18343444283114282,0.22958256887819417,0.18754563948238775,0.15245436051761227,0.0
2019-05-31,0.07400532177094177,0.0770491912179112,0.1664922208054041,0.056992924884539956,0.4122724405597533,0.21318790076144967,0.0
2019-06-07,0.07400532177094177,0.0770491912179112,0.1664922208054041,0.056992924884539956,0.4122724405597533,0.21318790076144967,0.0
2019-06-14,0.07400532177094177,0.0770491912179112,0.1664922208054041,0.056992924884539956,0.4122724405597533,0.21318790076144967,0.0
2019-06-21,0.07400532177094177,0.0770491912179112,0.1664922208054041,0.056992924884539956,0.4122724405597533,0.21318790076144967,0.0
2019-06-28,0.12357155159136819,0.15541494662535124,0.1961263310301309,0.1848871707531497,0.22770075338009105,0.11229924661990895,0.0
2019-07-05,0.12357155159136819,0.15541494662535124,0.1961263310301309,0.1848871707531497,0.22770075338009105,0.11229924661990895,0.0
2019-07-12,0.12357155159136819,0.15541494662535124,0.1961263310301309,0.1848871707531497,0.22770075338009105,0.11229924661990895,0.0
2019-07-19,0.12357155159136819,0.15541494662535124,0.1961263310301309,0.1848871707531497,0.22770075338009105,0.11229924661990895,0.0
2019-07-26,0.12094777157013037,0.12374489357582845,0.21491879059266503,0.14038854426137617,0.27138270295403055,0.1286172970459695,0.0
2019-08-02,0.12094777157013037,0.12374489357582845,0.21491879059266503,0.14038854426137617,0.27138270295403055,0.1286172970459695,0.0
2019-08-09,0.12094777157013037,0.12374489357582845,0.21491879059266503,0.14038854426137617,0.27138270295403055,0.1286172970459695,0.0
2019-08-16,0.12094777157013037,0.12374489357582845,0.21491879059266503,0.14038854426137617,0.27138270295403055,0.1286172970459695,0.0
2019-08-23,0.12094777157013037,0.12374489357582845,0.21491879059266503,0.14038854426137617,0.27138270295403055,0.1286172970459695,0.0
2019-08-30,0.09749028482348708,0.10065730525259206,0.2693382414703425,0.1325141684535782,0.3095166097236237,0.09048339027637631,1.1102230246251565e-16
2019-09-06,0.09749028482348708,0.10065730525259206,0.2693382414703425,0.1325141684535782,0.3095166097236237,0.09048339027637631,1.1102230246251565e-16
2019-09-13,0.09749028482348708,0.10065730525259206,0.2693382414703425,0.1325141684535782,0.3095166097236237,0.09048339027637631,1.1102230246251565e-16
2019-09-20,0.09749028482348708,0.10065730525259206,0.2693382414703425,0.1325141684535782,0.3095166097236237,0.09048339027637631,1.1102230246251565e-16
2019-09-27,0.09751310164515581,0.09954040435596512,0.2059188668131174,0.1970276271857617,0.2362350380578372,0.16376496194216286,0.0
2019-10-04,0.09751310164515581,0.09954040435596512,0.2059188668131174,0.1970276271857617,0.2362350380578372,0.16376496194216286,0.0
2019-10-11,0.09751310164515581,0.09954040435596512,0.2059188668131174,0.1970276271857617,0.2362350380578372,0.16376496194216286,0.0
2019-10-18,0.09751310164515581,0.09954040435596512,0.2059188668131174,0.1970276271857617,0.2362350380578372,0.16376496194216286,0.0
2019-10-25,0.06893281506859245,0.07180870591395527,0.22468986622780207,0.14743209087603576,0.28442523090961247,0.20271129100400193,0.0
2019-11-01,0.06893281506859245,0.07180870591395527,0.22468986622780207,0.14743209087603576,0.28442523090961247,0.20271129100400193,0.0
2019-11-08,0.06893281506859245,0.07180870591395527,0.22468986622780207,0.14743209087603576,0.28442523090961247,0.20271129100400193,0.0
2019-11-15,0.06893281506859245,0.07180870591395527,0.22468986622780207,0.14743209087603576,0.28442523090961247,0.20271129100400193,0.0
2019-11-22,0.06893281506859245,0.07180870591395527,0.22468986622780207,0.14743209087603576,0.28442523090961247,0.20271129100400193,0.0
2019-11-29,0.06620410799481342,0.06702882288426541,0.17625908501797882,0.058008141133788625,0.42829995493955175,0.204199888029602,0.0
2019-12-06,0.06620410799481342,0.06702882288426541,0.17625908501797882,0.058008141133788625,0.42829995493955175,0.204199888029602,0.0
2019-12-13,0.06620410799481342,0.06702882288426541,0.17625908501797882,0.058008141133788625,0.42829995493955175,0.204199888029602,0.0
2019-12-20,0.06620410799481342,0.06702882288426541,0.17625908501797882,0.058008141133788625,0.42829995493955175,0.204199888029602,0.0
2019-12-27,0.06508458892460647,0.06634445213715787,0.1807108376327441,0.05947795562038134,0.4275330917575085,0.2008490739276018,0.0
2020-01-03,0.06508458892460647,0.06634445213715787,0.1807108376327441,0.05947795562038134,0.4275330917575085,0.2008490739276018,0.0
2020-01-10,0.06508458892460647,0.06634445213715787,0.1807108376327441,0.05947795562038134,0.4275330917575085,0.2008490739276018,0.0
2020-01-17,0.06508458892460647,0.06634445213715787,0.1807108376327441,0.05947795562038134,0.4275330917575085,0.2008490739276018,0.0
2020-01-24,0.06508458892460647,0.06634445213715787,0.1807108376327441,0.05947795562038134,0.4275330917575085,0.2008490739276018,0.0
2020-01-31,0.06367709563247043,0.06326641087993634,0.18691210739467887,0.06027992560353677,0.4280315617565446,0.197832898732833,0.0
2020-02-07,0.06367709563247043,0.06326641087993634,0.18691210739467887,0.06027992560353677,0.4280315617565446,0.197832898732833,0.0
2020-02-14,0.06367709563247043,0.06326641087993634,0.18691210739467887,0.06027992560353677,0.4280315617565446,0.197832898732833,0.0
2020-02-21,0.06367709563247043,0.06326641087993634,0.18691210739467887,0.06027992560353677,0.4280315617565446,0.197832898732833,0.0
2020-02-28,0.060732376395859274,0.05508573295100846,0.19924638078033594,0.07062940205946786,0.4255107333699492,0.18879537444337927,0.0
2020-03-06,0.060732376395859274,0.05508573295100846,0.19924638078033594,0.07062940205946786,0.4255107333699492,0.18879537444337927,0.0
2020-03-13,0.060732376395859274,0.05508573295100846,0.19924638078033594,0.07062940205946786,0.4255107333699492,0.18879537444337927,0.0
2020-03-20,0.060732376395859274,0.05508573295100846,0.19924638078033594,0.07062940205946786,0.4255107333699492,0.18879537444337927,0.0
2020-03-27,0.2004143577616839,0.07917784389292586,0.11769180292228033,0.06498592266218212,0.41853329299784264,0.11919677976308524,0.0
2020-04-03,0.2004143577616839,0.07917784389292586,0.11769180292228033,0.06498592266218212,0.41853329299784264,0.11919677976308524,0.0
2020-04-10,0.2004143577616839,0.07917784389292586,0.11769180292228033,0.06498592266218212,0.41853329299784264,0.11919677976308524,0.0
2020-04-17,0.2004143577616839,0.07917784389292586,0.11769180292228033,0.06498592266218212,0.41853329299784264,0.11919677976308524,0.0
2020-04-24,0.11020438109892569,0.08591917815285698,0.09803785058948668,0.06369513856068541,0.3918408054258247,0.2503026461722206,0.0
2020-05-01,0.11020438109892569,0.08591917815285698,0.09803785058948668,0.06369513856068541,0.3918408054258247,0.2503026461722206,0.0
2020-05-08,0.11020438109892569,0.08591917815285698,0.09803785058948668,0.06369513856068541,0.3918408054258247,0.2503026461722206,0.0
2020-05-15,0.11020438109892569,0.08591917815285698,0.09803785058948668,0.06369513856068541,0.3918408054258247,0.2503026461722206,0.0
2020-05-22,0.11020438109892569,0.08591917815285698,0.09803785058948668,0.06369513856068541,0.3918408054258247,0.2503026461722206,0.0
2020-05-29,0.11033712375641556,0.08672134501276196,0.09933468115257309,0.06474405028592443,0.3929109420579657,0.24595185773435935,0.0
2020-06-05,0.11033712375641556,0.08672134501276196,0.09933468115257309,0.06474405028592443,0.3929109420579657,0.24595185773435935,0.0
2020-06-12,0.11033712375641556,0.08672134501276196,0.09933468115257309,0.06474405028592443,0.3929109420579657,0.24595185773435935,0.0
2020-06-19,0.11033712375641556,0.08672134501276196,0.09933468115257309,0.06474405028592443,0.3929109420579657,0.24595185773435935,0.0
2020-06-26,0.11063256373270602,0.0870727956390408,0.10034348326986228,0.06408136875516662,0.3954728766487272,0.24239691195449706,0.0
2020-07-03,0.11063256373270602,0.0870727956390408,0.10034348326986228,0.06408136875516662,0.3954728766487272,0.24239691195449706,0.0
2020-07-10,0.11063256373270602,0.0870727956390408,0.10034348326986228,0.06408136875516662,0.3954728766487272,0.24239691195449706,0.0
2020-07-17,0.11063256373270602,0.0870727956390408,0.10034348326986228,0.06408136875516662,0.3954728766487272,0.24239691195449706,0.0
2020-07-24,0.11063256373270602,0.0870727956390408,0.10034348326986228,0.06408136875516662,0.3954728766487272,0.24239691195449706,0.0
2020-07-31,0.15437360637624664,0.13316011625834784,0.12052194304143322,0.1619443343239722,0.26449453894670155,0.16550546105329847,2.220446049250313e-16
2020-08-07,0.15437360637624664,0.13316011625834784,0.12052194304143322,0.1619443343239722,0.26449453894670155,0.16550546105329847,2.220446049250313e-16
2020-08-14,0.15437360637624664,0.13316011625834784,0.12052194304143322,0.1619443343239722,0.26449453894670155,0.16550546105329847,2.220446049250313e-16
2020-08-21,0.15437360637624664,0.13316011625834784,0.12052194304143322,0.1619443343239722,0.26449453894670155,0.16550546105329847,2.220446049250313e-16
2020-08-28,0.16281852396807675,0.16999530608436086,0.13266847022554765,0.19451769972201485,0.2063981223148313,0.13360187768516868,0.0
2020-09-04,0.16281852396807675,0.16999530608436086,0.13266847022554765,0.19451769972201485,0.2063981223148313,0.13360187768516868,0.0
2020-09-11,0.16281852396807675,0.16999530608436086,0.13266847022554765,0.19451769972201485,0.2063981223148313,0.13360187768516868,0.0
2020-09-18,0.16281852396807675,0.16999530608436086,0.13266847022554765,0.19451769972201485,0.2063981223148313,0.13360187768516868,0.0
2020-09-25,0.16542628117245492,0.13984977821027328,0.1425853187030332,0.15213862191423863,0.24256662603723544,0.15743337396276455,0.0
2020-10-02,0.16542628117245492,0.13984977821027328,0.1425853187030332,0.15213862191423863,0.24256662603723544,0.15743337396276455,0.0
2020-10-09,0.16542628117245492,0.13984977821027328,0.1425853187030332,0.15213862191423863,0.24256662603723544,0.15743337396276455,0.0
2020-10-16,0.16542628117245492,0.13984977821027328,0.1425853187030332,0.15213862191423863,0.24256662603723544,0.15743337396276455,0.0
2020-10-23,0.16542628117245492,0.13984977821027328,0.1425853187030332,0.15213862191423863,0.24256662603723544,0.15743337396276455,0.0
2020-10-30,0.1659068469265301,0.13847425265596977,0.14634989695007186,0.14926900346742822,0.2458286847635881,0.15417131523641198,0.0
2020-11-06,0.1659068469265301,0.13847425265596977,0.14634989695007186,0.14926900346742822,0.2458286847635881,0.15417131523641198,0.0
2020-11-13,0.1659068469265301,0.13847425265596977,0.14634989695007186,0.14926900346742822,0.2458286847635881,0.15417131523641198,0.0
2020-11-20,0.1659068469265301,0.13847425265596977,0.14634989695007186,0.14926900346742822,0.2458286847635881,0.15417131523641198,0.0
2020-11-27,0.16317797543072554,0.16833732868758466,0.1364524540808898,0.19203224180080014,0.20776752716025668,0.1322324728397433,0.0
2020-12-04,0.16317797543072554,0.16833732868758466,0.1364524540808898,0.19203224180080014,0.20776752716025668,0.1322324728397433,0.0
2020-12-11,0.16317797543072554,0.16833732868758466,0.1364524540808898,0.19203224180080014,0.20776752716025668,0.1322324728397433,0.0
2020-12-18,0.16317797543072554,0.16833732868758466,0.1364524540808898,0.19203224180080014,0.20776752716025668,0.1322324728397433,0.0
2020-12-25,0.16414128667179836,0.16817801171725744,0.13589412959044767,0.19178657202049654,0.20792540587351943,0.1320745941264805,0.0
2021-01-01,0.16414128667179836,0.16817801171725744,0.13589412959044767,0.19178657202049654,0.20792540587351943,0.1320745941264805,0.0
2021-01-08,0.16414128667179836,0.16817801171725744,0.13589412959044767,0.19178657202049654,0.20792540587351943,0.1320745941264805,0.0
2021-01-15,0.16414128667179836,0.16817801171725744,0.13589412959044767,0.19178657202049654,0.20792540587351943,0.1320745941264805,0.0
2021-01-22,0.16414128667179836,0.16817801171725744,0.13589412959044767,0.19178657202049654,0.20792540587351943,0.1320745941264805,0.0
2021-01-29,0.1713814737276869,0.13404006109486855,0.14638244366549574,0.14819602151194877,0.24335364190363756,0.1566463580963624,2.220446049250313e-16
2021-02-05,0.1713814737276869,0.13404006109486855,0.14638244366549574,0.14819602151194877,0.24335364190363756,0.1566463580963624,2.220446049250313e-16
2021-02-12,0.1713814737276869,0.13404006109486855,0.14638244366549574,0.14819602151194877,0.24335364190363756,0.1566463580963624,2.220446049250313e-16
2021-02-19,0.1713814737276869,0.13404006109486855,0.14638244366549574,0.14819602151194877,0.24335364190363756,0.1566463580963624,2.220446049250313e-16
2021-02-26,0.17353754751575268,0.13460344798395504,0.1449301291394958,0.14692887536079646,0.24122914051766184,0.15877085948233818,0.0
2021-03-05,0.17353754751575268,0.13460344798395504,0.1449301291394958,0.14692887536079646,0.24122914051766184,0.15877085948233818,0.0
2021-03-12,0.17353754751575268,0.13460344798395504,0.1449301291394958,0.14692887536079646,0.24122914051766184,0.15877085948233818,0.0
2021-03-19,0.17353754751575268,0.13460344798395504,0.1449301291394958,0.14692887536079646,0.24122914051766184,0.15877085948233818,0.0
2021-03-26,0.2560563766496671,0.09278410441705795,0.1207185869916638,0.06870310310998409,0.34638620281548405,0.11535162601614304,0.0
2021-04-02,0.2560563766496671,0.09278410441705795,0.1207185869916638,0.06870310310998409,0.34638620281548405,0.11535162601614304,0.0
2021-04-09,0.2560563766496671,0.09278410441705795,0.1207185869916638,0.06870310310998409,0.34638620281548405,0.11535162601614304,0.0
2021-04-16,0.2560563766496671,0.09278410441705795,0.1207185869916638,0.06870310310998409,0.34638620281548405,0.11535162601614304,0.0
2021-04-23,0.2560563766496671,0.09278410441705795,0.1207185869916638,0.06870310310998409,0.34638620281548405,0.11535162601614304,0.0
2021-04-30,0.2550642363203281,0.09282390263828107,0.12007505196548082,0.06873527266519158,0.34781596867893516,0.1154855677317833,0.0
2021-05-07,0.2550642363203281,0.09282390263828107,0.12007505196548082,0.06873527266519158,0.34781596867893516,0.1154855677317833,0.0
2021-05-14,0.2550642363203281,0.09282390263828107,0.12007505196548082,0.06873527266519158,0.34781596867893516,0.1154855677317833,0.0
2021-05-21,0.2550642363203281,0.09282390263828107,0.12007505196548082,0.06873527266519158,0.34781596867893516,0.1154855677317833,0.0
2021-05-28,0.2519127074438697,0.09266042559593318,0.12016943968760825,0.06845986348170094,0.35132704316510566,0.11547052062578238,0.0
2021-06-04,0.2519127074438697,0.09266042559593318,0.12016943968760825,0.06845986348170094,0.35132704316510566,0.11547052062578238,0.0
2021-06-11,0.2519127074438697,0.09266042559593318,0.12016943968760825,0.06845986348170094,0.35132704316510566,0.11547052062578238,0.0
2021-06-18,0.2519127074438697,0.09266042559593318,0.12016943968760825,0.06845986348170094,0.35132704316510566,0.11547052062578238,0.0
2021-06-25,0.25070938297330336,0.09128580660013787,0.12024081364763523,0.06828178246424876,0.35482551826662595,0.1146566960480488,0.0
2021-07-02,0.25070938297330336,0.09128580660013787,0.12024081364763523,0.06828178246424876,0.35482551826662595,0.1146566960480488,0.0
2021-07-09,0.25070938297330336,0.09128580660013787,0.12024081364763523,0.06828178246424876,0.35482551826662595,0.1146566960480488,0.0
2021-07-16,0.25070938297330336,0.09128580660013787,0.12024081364763523,0.06828178246424876,0.35482551826662595,0.1146566960480488,0.0
2021-07-23,0.25070938297330336,0.09128580660013787,0.12024081364763523,0.06828178246424876,0.35482551826662595,0.1146566960480488,0.0
2021-07-30,0.13678787092383315,0.09390870659124206,0.11936345087650811,0.06758670287777431,0.3565492582696454,0.22580401046099696,0.0
2021-08-06,0.13678787092383315,0.09390870659124206,0.11936345087650811,0.06758670287777431,0.3565492582696454,0.22580401046099696,0.0
2021-08-13,0.13678787092383315,0.09390870659124206,0.11936345087650811,0.06758670287777431,0.3565492582696454,0.22580401046099696,0.0
2021-08-20,0.13678787092383315,0.09390870659124206,0.11936345087650811,0.06758670287777431,0.3565492582696454,0.22580401046099696,0.0
2021-08-27,0.13477028018548315,0.0938050010618457,0.11882065970724882,0.0670085501643747,0.36094309804499786,0.2246524108360498,0.0
2021-09-03,0.13477028018548315,0.0938050010618457,0.11882065970724882,0.0670085501643747,0.36094309804499786,0.2246524108360498,0.0
2021-09-10,0.13477028018548315,0.0938050010618457,0.11882065970724882,0.0670085501643747,0.36094309804499786,0.2246524108360498,0.0
2021-09-17,0.13477028018548315,0.0938050010618457,0.11882065970724882,0.0670085501643747,0.36094309804499786,0.2246524108360498,0.0
2021-09-24,0.1345206833426644,0.0935166398312902,0.11864801025197669,0.06703919694123708,0.362115650993481,0.2241598186393507,0.0
2021-10-01,0.1345206833426644,0.0935166398312902,0.11864801025197669,0.06703919694123708,0.362115650993481,0.2241598186393507,0.0
2021-10-08,0.1345206833426644,0.0935166398312902,0.11864801025197669,0.06703919694123708,0.362115650993481,0.2241598186393507,0.0
2021-10-15,0.1345206833426644,0.0935166398312902,0.11864801025197669,0.06703919694123708,0.362115650993481,0.2241598186393507,0.0
2021-10-22,0.1345206833426644,0.0935166398312902,0.11864801025197669,0.06703919694123708,0.362115650993481,0.2241598186393507,0.0
2021-10-29,0.24893370846905744,0.09269157972134577,0.1173753353406174,0.067439193883873,0.35979384388742164,0.11376633869768478,0.0
2021-11-05,0.24893370846905744,0.09269157972134577,0.1173753353406174,0.067439193883873,0.35979384388742164,0.11376633869768478,0.0
2021-11-12,0.24893370846905744,0.09269157972134577,0.1173753353406174,0.067439193883873,0.35979384388742164,0.11376633869768478,0.0
2021-11-19,0.24893370846905744,0.09269157972134577,0.1173753353406174,0.067439193883873,0.35979384388742164,0.11376633869768478,0.0
2021-11-26,0.1367100867058485,0.0962560347842562,0.1165867654581176,0.06695642102962336,0.35901629269934043,0.22447439932281393,0.0
2021-12-03,0.1367100867058485,0.0962560347842562,0.1165867654581176,0.06695642102962336,0.35901629269934043,0.22447439932281393,0.0
2021-12-10,0.1367100867058485,0.0962560347842562,0.1165867654581176,0.06695642102962336,0.35901629269934043,0.22447439932281393,0.0
2021-12-17,0.1367100867058485,0.0962560347842562,0.1165867654581176,0.06695642102962336,0.35901629269934043,0.22447439932281393,0.0
2021-12-24,0.1367100867058485,0.0962560347842562,0.1165867654581176,0.06695642102962336,0.35901629269934043,0.22447439932281393,0.0
2021-12-31,0.23648998599797677,0.11407023622804731,0.11620179744676234,0.13323798032721348,0.29829995804033577,0.10170004195966427,0.0
2022-01-07,0.23648998599797677,0.11407023622804731,0.11620179744676234,0.13323798032721348,0.29829995804033577,0.10170004195966427,0.0
2022-01-14,0.23648998599797677,0.11407023622804731,0.11620179744676234,0.13323798032721348,0.29829995804033577,0.10170004195966427,0.0
2022-01-21,0.23648998599797677,0.11407023622804731,0.11620179744676234,0.13323798032721348,0.29829995804033577,0.10170004195966427,0.0
2022-01-28,0.24811603194658027,0.09173582849249945,0.11802047684980571,0.06956530293044247,0.35157621411798934,0.12098614566268279,0.0
2022-02-04,0.24811603194658027,0.09173582849249945,0.11802047684980571,0.06956530293044247,0.35157621411798934,0.12098614566268279,0.0
2022-02-11,0.24811603194658027,0.09173582849249945,0.11802047684980571,0.06956530293044247,0.35157621411798934,0.12098614566268279,0.0
2022-02-18,0.24811603194658027,0.09173582849249945,0.11802047684980571,0.06956530293044247,0.35157621411798934,0.12098614566268279,0.0
2022-02-25,0.24605742560832353,0.08976537173357535,0.12007848596146868,0.06853704533980588,0.3664013865712526,0.10916028478557396,0.0
2022-03-04,0.24605742560832353,0.08976537173357535,0.12007848596146868,0.06853704533980588,0.3664013865712526,0.10916028478557396,0.0
2022-03-11,0.24605742560832353,0.08976537173357535,0.12007848596146868,0.06853704533980588,0.3664013865712526,0.10916028478557396,0.0
2022-03-18,0.24605742560832353,0.08976537173357535,0.12007848596146868,0.06853704533980588,0.3664013865712526,0.10916028478557396,0.0
2022-03-25,0.22848456267087233,0.08463506723599454,0.11465692885950539,0.06513854208894317,0.3911800370389396,0.11590486210574498,0.0
2022-04-01,0.22848456267087233,0.08463506723599454,0.11465692885950539,0.06513854208894317,0.3911800370389396,0.11590486210574498,0.0
2022-04-08,0.22848456267087233,0.08463506723599454,0.11465692885950539,0.06513854208894317,0.3911800370389396,0.11590486210574498,0.0
2022-04-15,0.22848456267087233,0.08463506723599454,0.11465692885950539,0.06513854208894317,0.3911800370389396,0.11590486210574498,0.0
2022-04-22,0.22848456267087233,0.08463506723599454,0.11465692885950539,0.06513854208894317,0.3911800370389396,0.11590486210574498,0.0
2022-04-29,0.22816081688014336,0.08477373543857428,0.11916911666861095,0.06819335177025475,0.3837797581805546,0.1159232210618621,0.0
2022-05-06,0.22816081688014336,0.08477373543857428,0.11916911666861095,0.06819335177025475,0.3837797581805546,0.1159232210618621,0.0
2022-05-13,0.22816081688014336,0.08477373543857428,0.11916911666861095,0.06819335177025475,0.3837797581805546,0.1159232210618621,0.0
2022-05-20,0.22816081688014336,0.08477373543857428,0.11916911666861095,0.06819335177025475,0.3837797581805546,0.1159232210618621,0.0
2022-05-27,0.13275454589725194,0.0968148377070706,0.11988017318771271,0.12926615114281614,0.3906814029753731,0.1306028890897755,0.0
2022-06-03,0.13275454589725194,0.0968148377070706,0.11988017318771271,0.12926615114281614,0.3906814029753731,0.1306028890897755,0.0
2022-06-10,0.13275454589725194,0.0968148377070706,0.11988017318771271,0.12926615114281614,0.3906814029753731,0.1306028890897755,0.0
2022-06-17,0.13275454589725194,0.0968148377070706,0.11988017318771271,0.12926615114281614,0.3906814029753731,0.1306028890897755,0.0
2022-06-24,0.12689986116668095,0.09642201024593766,0.1217742792747557,0.1311455046595957,0.394418967631731,0.12933937702129905,0.0
2022-07-01,0.12689986116668095,0.09642201024593766,0.1217742792747557,0.1311455046595957,0.394418967631731,0.12933937702129905,0.0
2022-07-08,0.12689986116668095,0.09642201024593766,0.1217742792747557,0.1311455046595957,0.394418967631731,0.12933937702129905,0.0
2022-07-15,0.12689986116668095,0.09642201024593766,0.1217742792747557,0.1311455046595957,0.394418967631731,0.12933937702129905,0.0
2022-07-22,0.12689986116668095,0.09642201024593766,0.1217742792747557,0.1311455046595957,0.394418967631731,0.12933937702129905,0.0
2022-07-29,0.1284292546134169,0.0955064038211996,0.12247666115746385,0.1288516613407276,0.40447880879836684,0.12025721026882522,0.0
2022-08-05,0.1284292546134169,0.0955064038211996,0.12247666115746385,0.1288516613407276,0.40447880879836684,0.12025721026882522,0.0
2022-08-12,0.1284292546134169,0.0955064038211996,0.12247666115746385,0.1288516613407276,0.40447880879836684,0.12025721026882522,0.0
2022-08-19,0.1284292546134169,0.0955064038211996,0.12247666115746385,0.1288516613407276,0.40447880879836684,0.12025721026882522,0.0
2022-08-26,0.12912743776645272,0.08586370101541489,0.12141425935314058,0.06132167717097281,0.40430581492522394,0.19796710976879506,0.0
2022-09-02,0.12912743776645272,0.08586370101541489,0.12141425935314058,0.06132167717097281,0.40430581492522394,0.19796710976879506,0.0
2022-09-09,0.12912743776645272,0.08586370101541489,0.12141425935314058,0.06132167717097281,0.40430581492522394,0.19796710976879506,0.0
2022-09-16,0.12912743776645272,0.08586370101541489,0.12141425935314058,0.06132167717097281,0.40430581492522394,0.19796710976879506,0.0
2022-09-23,0.12912743776645272,0.08586370101541489,0.12141425935314058,0.06132167717097281,0.40430581492522394,0.19796710976879506,0.0
2022-09-30,0.13109901616468336,0.08300597701039648,0.12202935345263868,0.05794323021407927,0.40951994530156577,0.19640247785663648,0.0
2022-10-07,0.13109901616468336,0.08300597701039648,0.12202935345263868,0.05794323021407927,0.40951994530156577,0.19640247785663648,0.0
2022-10-14,0.13109901616468336,0.08300597701039648,0.12202935345263868,0.05794323021407927,0.40951994530156577,0.19640247785663648,0.0
2022-10-21,0.13109901616468336,0.08300597701039648,0.12202935345263868,0.05794323021407927,0.40951994530156577,0.19640247785663648,0.0
2022-10-28,0.1326756185376407,0.08237692336723364,0.12175985508113157,0.05727892903875183,0.41051957014154583,0.19538910383369643,0.0
2022-11-04,0.1326756185376407,0.08237692336723364,0.12175985508113157,0.05727892903875183,0.41051957014154583,0.19538910383369643,0.0
2022-11-11,0.1326756185376407,0.08237692336723364,0.12175985508113157,0.05727892903875183,0.41051957014154583,0.19538910383369643,0.0
2022-11-18,0.1326756185376407,0.08237692336723364,0.12175985508113157,0.05727892903875183,0.41051957014154583,0.19538910383369643,0.0
2022-11-25,0.13540648569586575,0.08275485680394332,0.1231855278022734,0.0578945254597784,0.403970448802094,0.19678815543604516,0.0
2022-12-02,0.13540648569586575,0.08275485680394332,0.1231855278022734,0.0578945254597784,0.403970448802094,0.19678815543604516,0.0
2022-12-09,0.13540648569586575,0.08275485680394332,0.1231855278022734,0.0578945254597784,0.403970448802094,0.19678815543604516,0.0
2022-12-16,0.13540648569586575,0.08275485680394332,0.1231855278022734,0.0578945254597784,0.403970448802094,0.19678815543604516,0.0
2022-12-23,0.13540648569586575,0.08275485680394332,0.1231855278022734,0.0578945254597784,0.403970448802094,0.19678815543604516,0.0
2022-12-30,0.13565229232494494,0.08228876888702093,0.12388751787788028,0.05816021923219786,0.40420314096083354,0.19580806071712245,0.0
2023-01-06,0.13565229232494494,0.08228876888702093,0.12388751787788028,0.05816021923219786,0.40420314096083354,0.19580806071712245,0.0
2023-01-13,0.13565229232494494,0.08228876888702093,0.12388751787788028,0.05816021923219786,0.40420314096083354,0.19580806071712245,0.0
2023-01-20,0.13565229232494494,0.08228876888702093,0.12388751787788028,0.05816021923219786,0.40420314096083354,0.19580806071712245,0.0
2023-01-27,0.16677262302953771,0.12091715259361367,0.1301965767982903,0.15211364757855822,0.2886923655349149,0.1413076344650851,1.1102230246251565e-16
2023-02-03,0.16677262302953771,0.12091715259361367,0.1301965767982903,0.15211364757855822,0.2886923655349149,0.1413076344650851,1.1102230246251565e-16
2023-02-10,0.16677262302953771,0.12091715259361367,0.1301965767982903,0.15211364757855822,0.2886923655349149,0.1413076344650851,1.1102230246251565e-16
2023-02-17,0.16677262302953771,0.12091715259361367,0.1301965767982903,0.15211364757855822,0.2886923655349149,0.1413076344650851,1.1102230246251565e-16
2023-02-24,0.14900672561972275,0.09435785926553562,0.12731241596637458,0.06304050260943998,0.38239595155273726,0.1838865449861898,0.0
2023-03-03,0.14900672561972275,0.09435785926553562,0.12731241596637458,0.06304050260943998,0.38239595155273726,0.1838865449861898,0.0
2023-03-10,0.14900672561972275,0.09435785926553562,0.12731241596637458,0.06304050260943998,0.38239595155273726,0.1838865449861898,0.0
2023-03-17,0.14900672561972275,0.09435785926553562,0.12731241596637458,0.06304050260943998,0.38239595155273726,0.1838865449861898,0.0
2023-03-24,0.14900672561972275,0.09435785926553562,0.12731241596637458,0.06304050260943998,0.38239595155273726,0.1838865449861898,0.0
2023-03-31,0.14023711811281525,0.10432824140012352,0.1849719166301156,0.14046272385694564,0.3163845056108945,0.11361549438910556,0.0
2023-04-07,0.14023711811281525,0.10432824140012352,0.1849719166301156,0.14046272385694564,0.3163845056108945,0.11361549438910556,0.0
2023-04-14,0.14023711811281525,0.10432824140012352,0.1849719166301156,0.14046272385694564,0.3163845056108945,0.11361549438910556,0.0
2023-04-21,0.14023711811281525,0.10432824140012352,0.1849719166301156,0.14046272385694564,0.3163845056108945,0.11361549438910556,0.0
2023-04-28,0.15201431432420867,0.10880710254095716,0.2116862168099619,0.1274923663248723,0.2937098584853722,0.10629014151462782,0.0
2023-05-05,0.15201431432420867,0.10880710254095716,0.2116862168099619,0.1274923663248723,0.2937098584853722,0.10629014151462782,0.0
2023-05-12,0.15201431432420867,0.10880710254095716,0.2116862168099619,0.1274923663248723,0.2937098584853722,0.10629014151462782,0.0
2023-05-19,0.15201431432420867,0.10880710254095716,0.2116862168099619,0.1274923663248723,0.2937098584853722,0.10629014151462782,0.0
2023-05-26,0.12219121886071742,0.07279969196244647,0.20343611431510814,0.05066598122573867,0.40314796083873466,0.14775903279725466,0.0
2023-06-02,0.12219121886071742,0.07279969196244647,0.20343611431510814,0.05066598122573867,0.40314796083873466,0.14775903279725466,0.0
2023-06-09,0.12219121886071742,0.07279969196244647,0.20343611431510814,0.05066598122573867,0.40314796083873466,0.14775903279725466,0.0
2023-06-16,0.12219121886071742,0.07279969196244647,0.20343611431510814,0.05066598122573867,0.40314796083873466,0.14775903279725466,0.0
2023-06-23,0.12219121886071742,0.07279969196244647,0.20343611431510814,0.05066598122573867,0.40314796083873466,0.14775903279725466,0.0
2023-06-30,0.12086235440701976,0.07129387008885586,0.20087260997476075,0.0509187153508778,0.40854851952028526,0.14750393065820058,0.0
2023-07-07,0.12086235440701976,0.07129387008885586,0.20087260997476075,0.0509187153508778,0.40854851952028526,0.14750393065820058,0.0
2023-07-14,0.12086235440701976,0.07129387008885586,0.20087260997476075,0.0509187153508778,0.40854851952028526,0.14750393065820058,0.0
2023-07-21,0.12086235440701976,0.07129387008885586,0.20087260997476075,0.0509187153508778,0.40854851952028526,0.14750393065820058,0.0
2023-07-28,0.11850728675152926,0.0689682263920326,0.1986789350534673,0.050312151318390654,0.4186263380280615,0.14490706245651871,0.0
2023-08-04,0.11850728675152926,0.0689682263920326,0.1986789350534673,0.050312151318390654,0.4186263380280615,0.14490706245651871,0.0
2023-08-11,0.11850728675152926,0.0689682263920326,0.1986789350534673,0.050312151318390654,0.4186263380280615,0.14490706245651871,0.0
2023-08-18,0.11850728675152926,0.0689682263920326,0.1986789350534673,0.050312151318390654,0.4186263380280615,0.14490706245651871,0.0
2023-08-25,0.11785340244688378,0.0662936121777667,0.19830208573689836,0.048568227549507244,0.42913667702015046,0.13984599506879344,0.0
2023-09-01,0.11785340244688378,0.0662936121777667,0.19830208573689836,0.048568227549507244,0.42913667702015046,0.13984599506879344,0.0
2023-09-08,0.11785340244688378,0.0662936121777667,0.19830208573689836,0.048568227549507244,0.42913667702015046,0.13984599506879344,0.0
2023-09-15,0.11785340244688378,0.0662936121777667,0.19830208573689836,0.048568227549507244,0.42913667702015046,0.13984599506879344,0.0
2023-09-22,0.11785340244688378,0.0662936121777667,0.19830208573689836,0.048568227549507244,0.42913667702015046,0.13984599506879344,0.0
2023-09-29,0.11950705412055347,0.06821093439304211,0.20236792106780557,0.050599779487735745,0.4154422580280889,0.14387205290277422,0.0
2023-10-06,0.11950705412055347,0.06821093439304211,0.20236792106780557,0.050599779487735745,0.4154422580280889,0.14387205290277422,0.0
2023-10-13,0.11950705412055347,0.06821093439304211,0.20236792106780557,0.050599779487735745,0.4154422580280889,0.14387205290277422,0.0
2023-10-20,0.11950705412055347,0.06821093439304211,0.20236792106780557,0.050599779487735745,0.4154422580280889,0.14387205290277422,0.0
2023-10-27,0.12833674284674912,0.07153741547038571,0.20938689101936214,0.05314808094847181,0.38273824301141357,0.15485262670361766,0.0
2023-11-03,0.12833674284674912,0.07153741547038571,0.20938689101936214,0.05314808094847181,0.38273824301141357,0.15485262670361766,0.0
2023-11-10,0.12833674284674912,0.07153741547038571,0.20938689101936214,0.05314808094847181,0.38273824301141357,0.15485262670361766,0.0
2023-11-17,0.12833674284674912,0.07153741547038571,0.20938689101936214,0.05314808094847181,0.38273824301141357,0.15485262670361766,0.0
2023-11-24,0.12657724958530836,0.07330736828250141,0.20507161922016282,0.05399535274621199,0.38282476717973835,0.15822364298607708,0.0
2023-12-01,0.12657724958530836,0.07330736828250141,0.20507161922016282,0.05399535274621199,0.38282476717973835,0.15822364298607708,0.0
2023-12-08,0.12657724958530836,0.07330736828250141,0.20507161922016282,0.05399535274621199,0.38282476717973835,0.15822364298607708,0.0
2023-12-15,0.12657724958530836,0.07330736828250141,0.20507161922016282,0.05399535274621199,0.38282476717973835,0.15822364298607708,0.0
2023-12-22,0.12657724958530836,0.07330736828250141,0.20507161922016282,0.05399535274621199,0.38282476717973835,0.15822364298607708,0.0
2023-12-29,0.12405826585743045,0.0742628637510337,0.2016109996247526,0.054595137444402635,0.38883575911638407,0.15663697420599654,0.0
2024-01-05,0.12405826585743045,0.0742628637510337,0.2016109996247526,0.054595137444402635,0.38883575911638407,0.15663697420599654,0.0
2024-01-12,0.12405826585743045,0.0742628637510337,0.2016109996247526,0.054595137444402635,0.38883575911638407,0.15663697420599654,0.0
2024-01-19,0.12405826585743045,0.0742628637510337,0.2016109996247526,0.054595137444402635,0.38883575911638407,0.15663697420599654,0.0
2024-01-26,0.14846363689523479,0.0970507702479958,0.23454275278010275,0.11994284007666667,0.3116328778446452,0.08836712215535492,0.0
2024-02-02,0.14846363689523479,0.0970507702479958,0.23454275278010275,0.11994284007666667,0.3116328778446452,0.08836712215535492,0.0
2024-02-09,0.14846363689523479,0.0970507702479958,0.23454275278010275,0.11994284007666667,0.3116328778446452,0.08836712215535492,0.0
2024-02-16,0.14846363689523479,0.0970507702479958,0.23454275278010275,0.11994284007666667,0.3116328778446452,0.08836712215535492,0.0
2024-02-23,0.13570793306116313,0.06953177842236077,0.2554882515765031,0.04960891536512672,0.38027792302757335,0.10938519854727291,0.0
2024-03-01,0.13570793306116313,0.06953177842236077,0.2554882515765031,0.04960891536512672,0.38027792302757335,0.10938519854727291,0.0
2024-03-08,0.13570793306116313,0.06953177842236077,0.2554882515765031,0.04960891536512672,0.38027792302757335,0.10938519854727291,0.0
2024-03-15,0.13570793306116313,0.06953177842236077,0.2554882515765031,0.04960891536512672,0.38027792302757335,0.10938519854727291,0.0
2024-03-22,0.13570793306116313,0.06953177842236077,0.2554882515765031,0.04960891536512672,0.38027792302757335,0.10938519854727291,0.0
2024-03-29,0.13667810844792558,0.07144311453709018,0.25588865906524494,0.04996622810668641,0.37468453831595183,0.11133935152710112,0.0
2024-04-05,0.13667810844792558,0.07144311453709018,0.25588865906524494,0.04996622810668641,0.37468453831595183,0.11133935152710112,0.0
2024-04-12,0.13667810844792558,0.07144311453709018,0.25588865906524494,0.04996622810668641,0.37468453831595183,0.11133935152710112,0.0
2024-04-19,0.13667810844792558,0.07144311453709018,0.25588865906524494,0.04996622810668641,0.37468453831595183,0.11133935152710112,0.0
2024-04-26,0.1474466574214348,0.09868719492476156,0.2330008414092128,0.12086530624459076,0.3074968167582031,0.0925031832417969,0.0
2024-05-03,0.1474466574214348,0.09868719492476156,0.2330008414092128,0.12086530624459076,0.3074968167582031,0.0925031832417969,0.0
2024-05-10,0.1474466574214348,0.09868719492476156,0.2330008414092128,0.12086530624459076,0.3074968167582031,0.0925031832417969,0.0
2024-05-17,0.1474466574214348,0.09868719492476156,0.2330008414092128,0.12086530624459076,0.3074968167582031,0.0925031832417969,0.0
2024-05-24,0.1474466574214348,0.09868719492476156,0.2330008414092128,0.12086530624459076,0.3074968167582031,0.0925031832417969,0.0
2024-05-31,0.13560365591071932,0.07261859748855459,0.2617231676593816,0.051784804316597086,0.36723206700324595,0.11103770762150142,0.0
2024-06-07,0.13560365591071932,0.07261859748855459,0.2617231676593816,0.051784804316597086,0.36723206700324595,0.11103770762150142,0.0
2024-06-14,0.13560365591071932,0.07261859748855459,0.2617231676593816,0.051784804316597086,0.36723206700324595,0.11103770762150142,0.0
2024-06-21,0.13560365591071932,0.07261859748855459,0.2617231676593816,0.051784804316597086,0.36723206700324595,0.11103770762150142,0.0
2024-06-28,0.13789198009560505,0.07427302532700557,0.26304731887680505,0.053140543444405185,0.35928843775455055,0.11235869450162872,0.0
2024-07-05,0.13789198009560505,0.07427302532700557,0.26304731887680505,0.053140543444405185,0.35928843775455055,0.11235869450162872,0.0
2024-07-12,0.13789198009560505,0.07427302532700557,0.26304731887680505,0.053140543444405185,0.35928843775455055,0.11235869450162872,0.0
2024-07-19,0.13789198009560505,0.07427302532700557,0.26304731887680505,0.053140543444405185,0.35928843775455055,0.11235869450162872,0.0
2024-07-26,0.13759863427199232,0.07328147034813441,0.26451401792964935,0.052037967717485444,0.3599074149452038,0.11266049478753472,0.0
2024-08-02,0.13759863427199232,0.07328147034813441,0.26451401792964935,0.052037967717485444,0.3599074149452038,0.11266049478753472,0.0
2024-08-09,0.13759863427199232,0.07328147034813441,0.26451401792964935,0.052037967717485444,0.3599074149452038,0.11266049478753472,0.0
2024-08-16,0.13759863427199232,0.07328147034813441,0.26451401792964935,0.052037967717485444,0.3599074149452038,0.11266049478753472,0.0
2024-08-23,0.13759863427199232,0.07328147034813441,0.26451401792964935,0.052037967717485444,0.3599074149452038,0.11266049478753472,0.0
2024-08-30,0.1478028062805036,0.11128807243305154,0.16659404454085536,0.17431507674558946,0.30311310682585846,0.09688689317414158,0.0
2024-09-06,0.1478028062805036,0.11128807243305154,0.16659404454085536,0.17431507674558946,0.30311310682585846,0.09688689317414158,0.0
2024-09-13,0.1478028062805036,0.11128807243305154,0.16659404454085536,0.17431507674558946,0.30311310682585846,0.09688689317414158,0.0
2024-09-20,0.1478028062805036,0.11128807243305154,0.16659404454085536,0.17431507674558946,0.30311310682585846,0.09688689317414158,0.0
2024-09-27,0.14713419846457887,0.11199662300058238,0.168046980411497,0.17282219812334176,0.30345528448550246,0.09654471551449757,0.0
2024-10-04,0.14713419846457887,0.11199662300058238,0.168046980411497,0.17282219812334176,0.30345528448550246,0.09654471551449757,0.0
2024-10-11,0.14713419846457887,0.11199662300058238,0.168046980411497,0.17282219812334176,0.30345528448550246,0.09654471551449757,0.0
2024-10-18,0.14713419846457887,0.11199662300058238,0.168046980411497,0.17282219812334176,0.30345528448550246,0.09654471551449757,0.0
2024-10-25,0.14768566246591655,0.11272050390094521,0.16858721780753277,0.17100661582560542,0.3026224574057897,0.09737754259421032,0.0
2024-11-01,0.14768566246591655,0.11272050390094521,0.16858721780753277,0.17100661582560542,0.3026224574057897,0.09737754259421032,0.0
2024-11-08,0.14768566246591655,0.11272050390094521,0.16858721780753277,0.17100661582560542,0.3026224574057897,0.09737754259421032,0.0
2024-11-15,0.14768566246591655,0.11272050390094521,0.16858721780753277,0.17100661582560542,0.3026224574057897,0.09737754259421032,0.0
2024-11-22,0.14768566246591655,0.11272050390094521,0.16858721780753277,0.17100661582560542,0.3026224574057897,0.09737754259421032,0.0
2024-11-29,0.14787402717841985,0.11360300557413275,0.1657636568172501,0.17275931043019732,0.3002146773403786,0.09978532265962142,0.0
2024-12-06,0.14787402717841985,0.11360300557413275,0.1657636568172501,0.17275931043019732,0.3002146773403786,0.09978532265962142,0.0
2024-12-13,0.14787402717841985,0.11360300557413275,0.1657636568172501,0.17275931043019732,0.3002146773403786,0.09978532265962142,0.0
2024-12-20,0.14787402717841985,0.11360300557413275,0.1657636568172501,0.17275931043019732,0.3002146773403786,0.09978532265962142,0.0
2024-12-27,0.1484079338144715,0.11446822156621989,0.16534945012920643,0.17177439449010215,0.29984128301925433,0.1001587169807457,0.0
2025-01-03,0.1484079338144715,0.11446822156621989,0.16534945012920643,0.17177439449010215,0.29984128301925433,0.1001587169807457,0.0
2025-01-10,0.1484079338144715,0.11446822156621989,0.16534945012920643,0.17177439449010215,0.29984128301925433,0.1001587169807457,0.0
2025-01-17,0.1484079338144715,0.11446822156621989,0.16534945012920643,0.17177439449010215,0.29984128301925433,0.1001587169807457,0.0
2025-01-24,0.1484079338144715,0.11446822156621989,0.16534945012920643,0.17177439449010215,0.29984128301925433,0.1001587169807457,0.0
2025-01-31,0.14886498768878104,0.11546187073385451,0.16424965407526326,0.17142348750210118,0.30030445334782174,0.09969554665217827,0.0
2025-02-07,0.14886498768878104,0.11546187073385451,0.16424965407526326,0.17142348750210118,0.30030445334782174,0.09969554665217827,0.0
2025-02-14,0.14886498768878104,0.11546187073385451,0.16424965407526326,0.17142348750210118,0.30030445334782174,0.09969554665217827,0.0
2025-02-21,0.14886498768878104,0.11546187073385451,0.16424965407526326,0.17142348750210118,0.30030445334782174,0.09969554665217827,0.0
2025-02-28,0.14905812118452422,0.11596542033843665,0.1644467490446697,0.17052970943236945,0.28550206223458496,0.1144979377654151,0.0
2025-03-07,0.14905812118452422,0.11596542033843665,0.1644467490446697,0.17052970943236945,0.28550206223458496,0.1144979377654151,0.0
2025-03-14,0.14905812118452422,0.11596542033843665,0.1644467490446697,0.17052970943236945,0.28550206223458496,0.1144979377654151,0.0
2025-03-21,0.14905812118452422,0.11596542033843665,0.1644467490446697,0.17052970943236945,0.28550206223458496,0.1144979377654151,0.0
2025-03-28,0.11854097762283504,0.09244479943372756,0.17593256428256515,0.1164779548029709,0.36595049921206024,0.13065320464584124,0.0
2025-04-04,0.11854097762283504,0.09244479943372756,0.17593256428256515,0.1164779548029709,0.36595049921206024,0.13065320464584124,0.0
2025-04-11,0.11854097762283504,0.09244479943372756,0.17593256428256515,0.1164779548029709,0.36595049921206024,0.13065320464584124,0.0
2025-04-18,0.11854097762283504,0.09244479943372756,0.17593256428256515,0.1164779548029709,0.36595049921206024,0.13065320464584124,0.0
2025-04-25,0.11258851941786208,0.09281460435397934,0.18001416565400405,0.11741061237511645,0.3678538421107105,0.12931825608832764,0.0
2025-05-02,0.11258851941786208,0.09281460435397934,0.18001416565400405,0.11741061237511645,0.3678538421107105,0.12931825608832764,0.0
2025-05-09,0.11258851941786208,0.09281460435397934,0.18001416565400405,0.11741061237511645,0.3678538421107105,0.12931825608832764,0.0
2025-05-16,0.11258851941786208,0.09281460435397934,0.18001416565400405,0.11741061237511645,0.3678538421107105,0.12931825608832764,0.0
2025-05-23,0.11258851941786208,0.09281460435397934,0.18001416565400405,0.11741061237511645,0.3678538421107105,0.12931825608832764,0.0
2025-05-30,0.1177267254421565,0.08380683085813541,0.16522107538836228,0.06174755016285756,0.35596210205673107,0.21553571609175728,0.0
2025-06-06,0.1177267254421565,0.08380683085813541,0.16522107538836228,0.06174755016285756,0.35596210205673107,0.21553571609175728,0.0
2025-06-13,0.1177267254421565,0.08380683085813541,0.16522107538836228,0.06174755016285756,0.35596210205673107,0.21553571609175728,0.0
2025-06-20,0.1177267254421565,0.08380683085813541,0.16522107538836228,0.06174755016285756,0.35596210205673107,0.21553571609175728,0.0
2025-06-27,0.11295310031245966,0.09668639989765132,0.21757069559301082,0.14278980419687817,0.3089816006947036,0.12101839930529643,0.0
2025-07-04,0.11295310031245966,0.09668639989765132,0.21757069559301082,0.14278980419687817,0.3089816006947036,0.12101839930529643,0.0
2025-07-11,0.11295310031245966,0.09668639989765132,0.21757069559301082,0.14278980419687817,0.3089816006947036,0.12101839930529643,0.0
2025-07-18,0.11295310031245966,0.09668639989765132,0.21757069559301082,0.14278980419687817,0.3089816006947036,0.12101839930529643,0.0
2025-07-25,0.12235023106263686,0.1343458620761356,0.22797121105813442,0.17533269580309316,0.23372231191786993,0.10627768808213012,0.0
2025-08-01,0.12235023106263686,0.1343458620761356,0.22797121105813442,0.17533269580309316,0.23372231191786993,0.10627768808213012,0.0
2025-08-08,0.12235023106263686,0.1343458620761356,0.22797121105813442,0.17533269580309316,0.23372231191786993,0.10627768808213012,0.0
2025-08-15,0.12235023106263686,0.1343458620761356,0.22797121105813442,0.17533269580309316,0.23372231191786993,0.10627768808213012,0.0
2025-08-22,0.12235023106263686,0.1343458620761356,0.22797121105813442,0.17533269580309316,0.23372231191786993,0.10627768808213012,0.0
2025-08-29,0.10522606708556087,0.08151360507295649,0.20260305315925867,0.06081857908922776,0.3084328606278209,0.24140583496517534,0.0
2025-09-05,0.10522606708556087,0.08151360507295649,0.20260305315925867,0.06081857908922776,0.3084328606278209,0.24140583496517534,0.0
2025-09-12,0.10522606708556087,0.08151360507295649,0.20260305315925867,0.06081857908922776,0.3084328606278209,0.24140583496517534,0.0
2025-09-19,0.10522606708556087,0.08151360507295649,0.20260305315925867,0.06081857908922776,0.3084328606278209,0.24140583496517534,0.0
2025-09-26,0.12918940164595102,0.14796550679397308,0.2004395347445799,0.18240555681549592,0.19138939174478792,0.14861060825521205,0.0
2025-10-03,0.12918940164595102,0.14796550679397308,0.2004395347445799,0.18240555681549592,0.19138939174478792,0.14861060825521205,0.0
2025-10-10,0.12918940164595102,0.14796550679397308,0.2004395347445799,0.18240555681549592,0.19138939174478792,0.14861060825521205,0.0
2025-10-17,0.12918940164595102,0.14796550679397308,0.2004395347445799,0.18240555681549592,0.19138939174478792,0.14861060825521205,0.0
2025-10-24,0.12918940164595102,0.14796550679397308,0.2004395347445799,0.18240555681549592,0.19138939174478792,0.14861060825521205,0.0
2025-10-31,0.12326319926899212,0.1128670043457607,0.2257646615194041,0.13810513486584305,0.23026694023866334,0.1697330597613367,0.0
2025-11-07,0.12326319926899212,0.1128670043457607,0.2257646615194041,0.13810513486584305,0.23026694023866334,0.1697330597613367,0.0
2025-11-14,0.12326319926899212,0.1128670043457607,0.2257646615194041,0.13810513486584305,0.23026694023866334,0.1697330597613367,0.0
2025-11-21,0.12326319926899212,0.1128670043457607,0.2257646615194041,0.13810513486584305,0.23026694023866334,0.1697330597613367,0.0
2025-11-28,0.12088953892260682,0.1120915118349236,0.22924834302775055,0.13777060621471904,0.23282988871914154,0.16717011128085849,0.0
2025-12-05,0.12088953892260682,0.1120915118349236,0.22924834302775055,0.13777060621471904,0.23282988871914154,0.16717011128085849,0.0
2025-12-12,0.12088953892260682,0.1120915118349236,0.22924834302775055,0.13777060621471904,0.23282988871914154,0.16717011128085849,0.0
2025-12-19,0.12088953892260682,0.1120915118349236,0.22924834302775055,0.13777060621471904,0.23282988871914154,0.16717011128085849,0.0
2025-12-26,0.1196777949985157,0.11119511099283097,0.229755618329384,0.1393714756792693,0.229490488744739,0.17050951125526098,0.0
2026-01-02,0.1196777949985157,0.11119511099283097,0.229755618329384,0.1393714756792693,0.229490488744739,0.17050951125526098,0.0
2026-01-09,0.1196777949985157,0.11119511099283097,0.229755618329384,0.1393714756792693,0.229490488744739,0.17050951125526098,0.0
2026-01-16,0.1196777949985157,0.11119511099283097,0.229755618329384,0.1393714756792693,0.229490488744739,0.17050951125526098,0.0
2026-01-23,0.1196777949985157,0.11119511099283097,0.229755618329384,0.1393714756792693,0.229490488744739,0.17050951125526098,0.0
2026-01-30,0.11501352034964828,0.11037520003241565,0.23429338844470415,0.14031789117323187,0.22227955032246835,0.17772044967753167,0.0
2026-02-06,0.11501352034964828,0.11037520003241565,0.23429338844470415,0.14031789117323187,0.22227955032246835,0.17772044967753167,0.0
2026-02-13,0.11501352034964828,0.11037520003241565,0.23429338844470415,0.14031789117323187,0.22227955032246835,0.17772044967753167,0.0
2026-02-20,0.11501352034964828,0.11037520003241565,0.23429338844470415,0.14031789117323187,0.22227955032246835,0.17772044967753167,0.0
2026-02-27,0.1106649742070936,0.10867979708242793,0.2429206324669545,0.13773459624352388,0.21703022346020096,0.18296977653979904,0.0
2026-03-06,0.1106649742070936,0.10867979708242793,0.2429206324669545,0.13773459624352388,0.21703022346020096,0.18296977653979904,0.0
2026-03-13,0.1106649742070936,0.10867979708242793,0.2429206324669545,0.13773459624352388,0.21703022346020096,0.18296977653979904,0.0
2026-03-20,0.1106649742070936,0.10867979708242793,0.2429206324669545,0.13773459624352388,0.21703022346020096,0.18296977653979904,0.0
2026-03-27,0.07237875628931138,0.07584347180202895,0.22925259564867564,0.06709786809124987,0.30423154108623146,0.2511957670825027,0.0
2026-04-03,0.07237875628931138,0.07584347180202895,0.22925259564867564,0.06709786809124987,0.30423154108623146,0.2511957670825027,0.0
2026-04-10,0.1116159545161688,0.14438487680653445,0.2190201819564745,0.18497898672082233,0.18745526552606787,0.15254473447393216,0.0
